-55.508544014047615
-58.61220050976191
-59.07864942976192
-58.85730334738095
-59.272463026190486
-59.204372224761904
-59.580100377380965
-59.631408055476186
-60.12542615547619
-60.14630735476191
-60.279149735952366
-60.44833601047619
-60.89633051571428
-61.06151181190477
-61.10367684142858
-61.73769451357142
-61.82849720595236
-61.768398829761885
-61.80630338785715
-62.02757499333333
-62.2174108602381
-62.26454507857143
-62.6550549092857
-62.90432276023809
-63.15495681785714
-63.02705392380955
-62.64261354690478
-62.34134855738096
-62.10808990142856
-62.63839748952381
-62.49328240904763
-62.44222250380953
-62.11438288047618
-61.91192227333332
-61.57139187857142
-61.612628755476194
-61.861265545238105
-62.60336321857143
-62.7710633957143
-63.2215431754762
-63.657928739047605
-64.02367246666667
-63.78166053357144
-64.04173514880952
-64.16894068023808
-64.04899533571428
-63.74253327571429
-63.48302632285714
-63.51746731714285
-63.299645378095235
-63.08550080785715
-63.18758710190476
-63.128666378571424
-63.393567403095254
-63.3351915442857
-63.010690053095274
-62.67453847714285
-62.516625540714294
-62.001386915476196
-61.584260849047595
-60.803757894761915
-60.25692449333333
-59.96352268357144
-59.87363542833334
-59.45913796142856
-58.953501202142874
-58.22142074238096
-57.19844836309525
-55.19543402499998
-48.401183265238096
-41.86165537238095
-42.18516177238095
-49.534176417380955
-54.35495549166667
-54.80832072690476
-54.98209798904763
-55.07632382690479
-54.50540869642858
-53.88510740333334
-53.14447312119048
-52.07144855333333
-51.10694930666666
-50.953921907857136
-51.17292240666668
-52.56940278595238
-52.962335858571436
-52.76006017309525
-52.847790036666666
-53.43301536904761
-54.20636967190477
-54.26435870166669
-54.33446802404762
-54.793638230000006
-55.6397273652381
-55.76616786761906
-55.70238585714286
-55.58999179619048
-55.61263411380954
-56.04948915714288
-56.64178012666666
-56.85343224595239
-56.97931725642857
-57.02437400785715
-56.86349305642858
-56.86568178452382
-57.262164706428585
-57.64898472738096
-57.884939738571425
-57.871820086904755
-58.12459137357144
-58.21210089166667
-58.395014988809514
-58.76557886071427
-59.26140639785716
-59.635372707142864
-58.6573301952381
-57.74714133785714
-58.42379088666665
-58.32669893833335
-58.16691643857142
-58.4652059647619
-58.7197285604762
-58.806684221190466
-58.59437815333333
-58.59217080666664
-58.33663340952382
-58.41299992523808
-58.010092145
-57.80673208666667
-57.68202454690475
-57.61791465380952
-57.39382498619049
-57.34385445071429
-57.07260958357144
-56.97917692928573
-56.950201398333334
-56.657286053809514
-56.203405380000014
-56.26433608666666
-56.33814375738096
-56.323287328095255
-56.3609274907143
-56.5292699
-56.70999527
-56.85436630214285
-56.93316468642853
-56.640221822857136
-56.49872471095236
-56.48176347619049
-56.80241221476189
-56.781856355
-56.82439331857144
-56.71326673547618
-56.664109275
-56.991742088809524
-57.307553336190495
-57.37422071214285
-57.22762907190476
-57.336753754761915
-57.22646904047618
-57.29360880190474
-57.07924234333332
-57.39823613904762
-57.43099884761904
-57.693577357857144
-57.04766119095236
-52.87827282785714
-47.14632924428572
-42.08525185333331
-44.7605707088095
-53.10390109095239
-57.994998022619065
-58.553306216666655
-58.95125443642861
-59.21892602119049
-59.13028026785713
-58.50848397809523
-57.91703814523809
-59.20800418000001
-59.54933929476191
-59.73689660595238
-60.0837794711905
-60.23268336309525
-59.84469450119048
-59.92837224738095
-60.227176302619036
-60.55004083595238
-60.455309278333345
-60.74384117142857
-61.079418727380926
-61.21799677880951
-61.34510258166669
-61.60621770190476
-61.62853268166665
-62.028135391190474
-60.51369331000001
-57.23871358142857
-56.801853996904754
-55.94060398333335
-57.605141775952376
-61.304055804047636
-62.163436980000014
-61.70051783619047
-61.63382911642857
-61.582471030476185
-61.50767762309523
-61.60058766285714
-61.74569002785713
-61.622180211904755
-61.61924852642857
-62.04935391761904
-62.0109205702381
-61.1866665797619
-60.56472978190476
-60.995092936904754
-60.52435802333331
-60.103237424047606
-59.6328844345238
-58.25112315571429
-58.046572095238105
-59.37653341833334
-60.528387795952376
-60.46936071499997
-59.34174365142855
-58.848473956666645
-60.067525409523796
-59.47150993428571
-57.968812579761895
-57.97140739095239
-60.48473675999999
-61.60238247809524
-61.88591348500001
-61.93010302952379
-61.322660445238085
-58.31820033857142
-57.082693645
-60.05371248166665
-62.136401041190474
-62.32721292476193
-62.88471221976189
-63.07959420285715
-61.75727362833335
-60.17945480428573
-61.342087427380974
-62.81287311380951
-63.07961863619047
-63.19934318214287
-61.29283232928573
-55.84165200738095
-52.168248131904754
-56.47764641880952
-61.69597253309526
-63.12892023785714
-63.52062370666666
-63.464618864047615
-63.26857766619047
-63.00399780238095
-63.03097179857142
-62.77584075904762
-62.498699187857135
-62.376051040238096
-62.78209459166665
-63.141458420238095
-63.21076656500001
-63.3388145995238
-63.75966762357143
-63.98084785714288
-63.74180439523812
-63.94687252928572
-64.39125042833332
-64.46226619595238
-64.3037892297619
-64.65350505238096
-64.67106828285715
-64.84957377119048
-64.64890979523808
-64.80478286785713
-64.49123564214287
-64.45444779214287
-64.34000941666667
-64.58593359452384
-63.9666281204762
-63.666148321666675
-63.62134079738094
-63.13494900285716
-63.10339845880954
-62.910311926190474
-62.717393329999986
-62.840061006428556
-62.83281053880951
-62.99576995547617
-63.164249148095244
-63.272202265
-62.98454384547618
-62.43845321999999
-61.78461074857143
-63.05761855
-63.865104765714285
-63.97850009285716
-64.0131438116667
-64.137052265
-64.0858874547619
-64.19446899809525
-64.34641084261905
-64.49853007000003
-64.11512420333332
-63.71736617333334
-64.15097200214288
-64.75001407809522
-64.94063913238094
-64.760496775
-65.3928616852381
-65.52143714571429
-65.11729176857143
-64.95116833357145
-65.66162318309526
-66.3468235559524
-66.64845057976193
-66.65637824642857
-66.21404538833333
-66.1234294345238
-66.7672467904762
-66.85502806166666
-67.40480277666664
-68.39934703357142
-69.22188749690477
-69.95709010547618
-69.98309162714284
-70.41890298714287
-70.4492260159524
-70.4481066752381
-70.50370352571429
-70.58376257761904
-70.60412161642856
-70.65143349047621
-70.45516386547618
-70.73227164809522
-70.50020781047617
-70.794227055
-70.78053955833333
-70.75698888880953
-70.95241165214287
-70.94677389190477
-70.90849467666668
-71.1277860009524
-71.10260790833334
-71.20920054142857
-71.093547275
-70.96796108404763
-70.83395603666666
-70.8549739292857
-70.86318097761907
-70.94809922761907
-70.08959670309524
-69.573149545
-69.94504710642858
-70.08096349785714
-70.1169253764286
-70.01619193666666
-69.58195531976189
-69.11251594880952
-68.62055805738093
-68.93178649238095
-69.04386502285716
-68.43075688666666
-66.96938160476192
-66.19052596285712
-65.79594666619047
-65.71533757142858
-65.64866147690476
-63.0565878547619
-61.39517902214286
-61.38539868333334
-60.09651329404762
-59.15137209142856
-58.20253908095236
-58.356282006428565
-60.2826731540476
-65.35505848809524
-68.02285294357142
-67.80035382214287
-67.43686784976191
-67.24090394523807
-67.07979638238095
-67.3128302445238
-66.9240733554762
-66.79033824428572
-68.36531194047618
-70.86108362142856
-71.42165392976192
-71.14748273642856
-71.50793820285715
-71.61813554285715
-71.75054186833333
-71.83045323761903
-71.82650102833334
-71.69974917500001
-71.86739948785714
-71.91082200571427
-71.87989661833333
-72.03425579952382
-72.01727531142858
-72.06786691571429
-71.94805853690477
-72.13065447166669
-72.32778930666665
-72.45260402142857
-72.38369478499999
-72.38006718928573
-72.2968090595238
-72.36065001642858
-72.54182216166666
-71.98817334809524
-70.27983783547617
-69.54809988071432
-69.09824480357145
-68.7776977904762
-69.4890443707143
-70.79752967333333
-70.9212651938095
-70.46328844285715
-70.36995097642858
-69.68061864976193
-67.80344281880953
-67.26664643095239
-69.15859622023807
-70.4171689352381
-70.02103351380951
-69.81321571047619
-69.4724578854762
-69.35853068047619
-68.85121463642857
-69.39789563095239
-71.52949124309522
-72.49698039452382
-72.32330286000001
-72.07027471595237
-70.26228514190475
-66.42935743833334
-64.39866556452381
-63.52262633166666
-63.983055660000026
-65.49747239999999
-68.95204689404761
-71.90467743690475
-72.16044943666665
-72.17010788690474
-71.96447426880951
-72.30201412404762
-72.16954167666665
-72.0053716395238
-72.21735563761905
-72.06013706785716
-71.95321055761903
-72.02768907071429
-72.05431347809524
-68.52799969642858
-58.097421282857134
-57.17687452404762
-67.65091178619048
-72.15379097380954
-72.1288831804762
-72.24808120690476
-72.05265045119049
-72.1358579007143
-72.28676623357146
-72.31458100809523
-72.4761359804762
-72.4447286695238
-72.51909401261904
-72.48896244619047
-72.32941618380954
-72.29054659857141
-72.37684631309523
-72.49687939523807
-72.56277138785715
-72.43686621523808
-72.5063507452381
-72.38505081904762
-72.48480896738094
-72.5677779057143
-72.50579761238095
-72.73457336380955
-72.81487401333335
-72.53425707071429
-72.59182993619048
-72.48059009380952
-72.61048471380954
-72.49853933499996
-72.63263012095238
-72.64952959309522
-72.68429456499999
-72.61846069976191
-72.67186700666667
-72.74167651214286
-72.59055582690478
-72.60453978071428
-72.80417978285715
-72.60872559357144
-72.58515367047619
-72.59897123071428
