-55.41076160642857
-58.5231572104762
-59.07155163999999
-59.08966727500001
-59.25061334904761
-59.207023802142864
-59.37358129571429
-59.41346976857143
-59.806872685238105
-60.149003981904755
-60.09238887928572
-60.37610190238096
-60.68075379952382
-61.176406043809514
-61.250870386904765
-61.660406839047624
-61.72122228666666
-61.91086423976191
-61.89329610523811
-62.08427492785714
-62.086891627619046
-62.306417555714276
-62.17724364214285
-62.71978905119047
-62.995386214523826
-63.04515175619047
-62.74171983666666
-62.2863131940476
-62.391425177142864
-62.573486963809515
-62.36944180476191
-62.34331539714286
-61.908214024285705
-61.946709224761904
-61.573214848809506
-61.60896482928572
-62.27561814380953
-62.54198564809523
-62.77142515595237
-63.24758466119047
-63.53023674404763
-63.79932339880952
-63.83402297571429
-64.10326249214287
-64.04884874214288
-63.87640898619047
-63.83734866476191
-63.64521335404762
-63.60866582928572
-63.08676029428571
-63.248165312857154
-62.99723725166667
-62.922748020238096
-63.22118268642856
-63.130995069523806
-62.660128366428566
-62.34926550738097
-61.65976052
-60.03351365904763
-58.67926534000001
-58.252114704761915
-55.537897382619065
-54.778293700952375
-54.34793290619047
-51.70669037904762
-51.47271446976191
-47.71604365404762
-46.22744741880951
-41.382162002857136
-29.001643726190473
-22.613816397142852
-22.860955147619045
-30.32830274714285
-41.88483274595239
-43.267754600476195
-45.172379175
-47.53851209357143
-47.05870828214287
-48.10170455166667
-46.575962793095236
-46.51598666880952
-48.06048529500001
-47.36984807000001
-48.49578648547619
-49.019926343333346
-49.57299214285714
-50.70493607309525
-51.160468056428556
-52.60531816047619
-53.61237616809523
-54.28301520595238
-54.41175942142858
-54.79688944190475
-55.382837114047604
-55.75804356214286
-55.59821928071429
-55.63142994476191
-55.62554986238094
-56.01213046571429
-56.366633914761906
-56.81895392309525
-56.85595875690476
-56.83577628404762
-56.59990701238096
-56.83330136285713
-57.209729785
-57.52071516904763
-57.67844399928572
-57.97761580999998
-58.14565613119048
-58.2704833795238
-58.51085744547618
-58.74818093404763
-59.25004423261904
-59.382987885714286
-58.735644930952375
-57.81736119547619
-58.494213195000015
-58.30852517619047
-58.34940474333334
-58.39490663476191
-58.7484525952381
-58.8750439595238
-58.59513264571427
-58.6445345197619
-58.32050741357144
-58.40496862428573
-57.869139898333344
-57.776448022142844
-57.67449151833333
-57.431036449761905
-57.35943203857143
-57.20842479547619
-57.07628459142856
-57.164158867142845
-56.797202790952376
-56.56392787809523
-56.33821360238095
-56.451318740238094
-56.38420813404762
-56.31112598190475
-56.36570812380951
-56.49674461023809
-56.619485401428584
-56.686478388333335
-56.951325189761896
-56.611080260952384
-56.38619286738094
-56.578009378571444
-56.72748284095238
-56.79411406761904
-56.6948061445238
-56.72591618285715
-56.71463857333332
-57.026587440238096
-57.18121192619047
-57.19652539214286
-57.40441149714285
-57.42617198428572
-57.24274835190475
-57.38314882904762
-57.29149028238095
-57.50530460928572
-57.32837704238095
-57.729240689761895
-56.721486318571436
-53.86939739047617
-49.16657456857142
-44.23986216880953
-46.946764446428574
-54.69893282880951
-58.27295839214286
-58.57605906880954
-58.75380043738094
-58.878515516904784
-58.88096845809526
-58.641968681666675
-57.83642078571426
-59.256361461904795
-59.607423237142854
-59.693323134761904
-59.74166606690474
-59.951416378809526
-59.760310399999995
-59.93390292261907
-60.454981939523805
-60.58456184785713
-60.83082925690476
-60.704344249047594
-60.97616985928574
-61.16231672999999
-61.31955564547618
-61.50908933380951
-61.59528605190475
-61.837416057619045
-60.84642828119046
-57.93352980785715
-57.34402674714285
-55.83347075333332
-57.00577318047619
-61.295334498571435
-62.45941116785715
-61.908542815
-61.560646420238086
-61.62156459214285
-61.46746244880951
-61.58364314190477
-61.67275810238096
-61.482961836190476
-61.58851705190477
-61.986598060714286
-61.984830675
-60.787279946666665
-60.00800568761905
-60.90745399047618
-60.25613348880953
-59.90041805476191
-59.70490074142853
-58.81536038714283
-58.58494449809525
-59.90057245880952
-60.758786973809535
-60.2244745892857
-59.898969105
-59.41176641547618
-59.951450892380954
-59.067579542142866
-57.398582004285714
-57.65652002595237
-60.50290825261905
-61.67446481666666
-61.793175924523815
-61.57998139476189
-60.94495491738096
-58.43833223976193
-57.10797119166668
-59.14230700857144
-58.70173508857143
-58.288535799285704
-58.62487865595239
-57.07733926309524
-57.832639785000005
-55.78231039547621
-54.757963816428564
-54.59784407809523
-52.29470525452381
-52.429425374999994
-42.671291986904784
-34.12879507857142
-29.747650146190477
-34.5515019554762
-43.5697528295238
-52.418597358095234
-59.580004555952385
-61.33075169095239
-57.7021596090476
-57.22318340499997
-58.62887246309523
-57.47146116023809
-59.123530433333315
-59.115203584999996
-59.26469039904764
-60.799421583809526
-59.849123182857156
-61.14397493976189
-61.87606684333334
-62.25937934142857
-62.885064442380944
-63.42832528952379
-63.901302066428556
-64.19783991880952
-64.32124664642856
-64.37633777690475
-64.53388613761908
-64.79720615261904
-64.8565906345238
-64.66784595214283
-64.61502247714286
-64.49852389357143
-64.45813624095237
-64.32892290785719
-63.813638324047645
-63.64063226642857
-63.35893331309525
-63.24393917238095
-63.12513623928572
-62.84968675904762
-62.7021755940476
-62.89662424738096
-62.70758129452379
-62.88061196452381
-63.03054155595237
-63.18969299666668
-63.01378413547619
-62.59608450380951
-61.60064106904762
-63.15267926190476
-63.80310421833333
-63.727938151904745
-64.16682216119045
-64.03844597214285
-64.14209365857144
-63.83880370023809
-64.16746784428572
-64.46172950357145
-63.86027672261904
-63.507038116666656
-63.922717048809524
-64.57405426285713
-64.70580464309526
-64.64351744880952
-65.1532360247619
-65.69625473071429
-65.15165092833334
-64.97831935
-65.85475176904762
-66.36271703833332
-66.76311819904765
-66.46313658166666
-65.8595046995238
-65.92721866404763
-66.56357156642858
-66.56323587333334
-66.90318716119047
-68.51270475880953
-69.22979336666667
-69.74920745119046
-70.14255541809523
-70.30506442857143
-70.705873035
-70.74578948261906
-70.71804555261906
-70.64968690380954
-70.54038438285714
-70.59707114857144
-70.47016634238095
-70.71868424214286
-70.56044024500002
-70.86609758690476
-70.86349886976191
-70.82447869428572
-70.87249592309524
-70.89516739666666
-70.84556706809524
-71.07313810000001
-70.98084331761903
-71.03851518166664
-70.73510524238094
-70.96177891357142
-70.89514087476189
-70.77139917999999
-70.82559531095235
-70.90594936476191
-70.22098795500003
-69.76048533071429
-69.80331021309524
-70.17790966880955
-70.3595268604762
-70.24881508166666
-69.73749051785714
-69.37974457499998
-69.15596989285713
-69.4589402340476
-69.42446699547618
-68.297335125
-67.09982626809521
-66.51551364738094
-66.8347474957143
-67.9950795857143
-67.96778960452382
-64.31516511095238
-62.206662495714305
-61.583194641666665
-59.80873098857143
-58.11070478619048
-57.815268289285704
-58.10634840047619
-60.05676433023812
-65.07149923333334
-68.0878795447619
-68.08649880571429
-68.2784240357143
-68.40802038238097
-68.32020496190476
-67.68329511404761
-66.89238293928571
-66.72093091666666
-68.50976853119049
-70.8885376335714
-71.45885776309524
-71.65645417714286
-71.31894792880951
-71.41573987738094
-71.63074838523809
-71.76340575452382
-71.80665279500002
-71.83166812690476
-71.95979617904763
-71.9714640657143
-72.00155857595239
-71.99625578357141
-71.99654860690478
-72.13866733380954
-72.04960614119048
-71.99619892619047
-72.12523451357144
-72.36083348571427
-72.13086664047621
-72.36152394619049
-72.39764186309523
-72.50357182857142
-72.41372844190475
-72.23675700642855
-70.11476444095238
-69.28578095238095
-68.72275525047618
-69.50076112238096
-69.93254289142857
-71.84190604761906
-71.85106949642858
-71.50533857809523
-71.63906951214285
-71.40027182380949
-70.41685086190475
-69.7335770009524
-70.21783683333332
-70.09776287952381
-70.04103033809525
-69.60858826404763
-69.59412093404762
-69.43018050404761
-69.32345799
-69.77592322999999
-71.5592039197619
-72.45123127619047
-72.29981903809525
-72.42632275476191
-70.0367813107143
-66.61835988357146
-64.12686947428571
-63.28558395023806
-63.495255333809524
-65.00770305452382
-68.8865638
-72.20311010404762
-72.1639122740476
-72.15548306357144
-72.19102459809525
-72.25901921523808
-72.09907640666667
-71.91318293952382
-72.0652714690476
-72.03565615714285
-72.20230048071427
-72.18472943999998
-72.13064793142857
-68.59160214380952
-58.56226276190476
-57.53474099309524
-67.98480733214284
-71.99752498809525
-72.32199114857147
-72.04103778714286
-72.40558024833334
-72.31890778333334
-72.31932558380953
-72.28241820666666
-72.26812144690477
-72.49691681642855
-72.30064519261906
-72.44497317333335
-72.21123831619047
-72.22444116476193
-72.41263889190475
-72.40245110690476
-72.42879958333332
-72.74247378380952
-72.3565610245238
-72.58536293380953
-72.5271459307143
-72.56338010500002
-72.47462317976189
-72.45048868071427
-72.3573361352381
-72.4975431533333
-72.53564852738096
-72.29594820952381
-72.61152630738096
-72.54109845857143
-72.53528776595238
-72.66000148238098
-72.60635575785714
-72.70583270880954
-72.59342538809521
-72.79573622190476
-72.57424327309525
-72.68951125380951
-72.80655542976194
-72.64703568952383
-72.7428361797619
-72.71544665333334
