-55.114283788571434
-58.36375627047619
-59.07217252809524
-58.87151727238095
-58.84822282285714
-59.11354401047619
-58.93393480238095
-59.21976362023809
-59.54191071642857
-59.59674453714286
-59.97081656690478
-59.930264609285715
-60.58423369285714
-60.732498168809514
-60.97441727809525
-61.52270571380952
-61.59397733833331
-61.70830145380953
-61.56400326333334
-61.67416972214284
-61.955686115476176
-61.891662597380964
-62.01749047785715
-62.74411337690477
-62.769492739523805
-62.821313041190464
-62.30307851595238
-61.93998772809524
-61.56250090833334
-62.42337880857142
-62.58305349809524
-62.243205206190474
-62.06928434833334
-61.84939902190476
-61.4101794107143
-61.42069407761904
-61.78646423761905
-62.38084484380953
-62.82588613595238
-63.49041566333333
-63.813706533809516
-63.93093163642857
-63.86354264785712
-64.09150586761905
-64.10696910666667
-64.10294451
-63.866074062380946
-63.68058413571428
-63.6216820307143
-63.24327305404761
-63.123945690476184
-62.71593965833333
-62.90131577976191
-63.26410175476192
-63.04199064428572
-63.045265470714305
-62.6751727145238
-62.34955978428572
-61.82838440000002
-61.50908679023808
-60.950537181666675
-60.44570123547619
-60.157528740952365
-60.032897040238076
-59.71445964619048
-59.18783133428571
-58.36459632190475
-57.74112973857144
-55.90173557857144
-49.7395768847619
-43.13851256571428
-43.41853704857143
-50.71106683666666
-54.88627243142857
-55.062165124761904
-55.08311635
-55.329658689523804
-54.544334774523804
-54.07803026880951
-52.593470982142854
-51.579441160714296
-51.03727186380952
-51.3426231204762
-51.5854092547619
-52.351757594999995
-52.336068108333315
-52.21803419880952
-52.735605602857134
-53.984672274047604
-54.44220751809524
-54.120095389523804
-54.49298213666667
-54.773495265
-55.577798844047635
-56.15359351761905
-56.113158998333326
-55.90432775571426
-55.89541526095238
-56.32330985285713
-56.65135329095237
-56.93900607857145
-56.94538116452383
-56.845783778095246
-56.97750600214284
-57.01270702857141
-57.461592538571416
-58.05974905809525
-57.81141816904761
-58.26828030214285
-58.25883320309523
-58.81180599666667
-58.69212822666667
-58.86633527880953
-59.25022170690477
-59.60992749500001
-59.33906082880954
-58.60029983547619
-58.80347497071427
-58.45224553095239
-58.14797392357142
-58.96292913619048
-58.85556166476189
-58.953032810952394
-58.911330722857144
-58.749834150952395
-58.719182967857144
-58.59417806404762
-58.35743168404763
-58.056335540000006
-58.00548871333334
-57.748744509999995
-57.59801165238097
-57.48939405142857
-57.41441299833333
-57.157025201428574
-57.19491967738094
-56.88415127642857
-56.323370978809514
-56.55291693571431
-56.532264436428555
-56.50114204738097
-56.59889402833333
-56.609060287380956
-56.71690305119047
-57.23942556857143
-57.25246665547618
-57.01611882238097
-56.6881997247619
-56.559820901428566
-56.994910103571414
-57.067445028571434
-56.942617053333336
-56.616192772142874
-56.687246050952375
-57.12021682333334
-57.39299056690474
-57.4326049257143
-57.714754831904756
-57.67874045666665
-57.510750634523816
-57.619607472142874
-57.53989555714286
-57.527261369999984
-57.70637721119047
-57.574918656666675
-54.10442016261905
-48.62343724476191
-42.714059012142854
-38.59154674
-42.63980865571428
-52.13209324833334
-58.187607810952386
-58.569604510714285
-59.07431266333333
-58.868642715714294
-59.09629930833336
-59.10690307619048
-59.38497016523807
-59.692677180000025
-59.73725473285714
-59.781450271666664
-60.2529333207143
-60.20171637738093
-60.221011843095226
-60.09231385690478
-60.504926136666654
-60.97701708452381
-60.79358718523808
-60.81662350619046
-61.390369778809514
-61.3860652566667
-61.43232463642856
-61.38697706
-62.04147956571427
-61.92825444523809
-61.34774217119046
-58.94547961952381
-57.83628727119045
-56.76414062857144
-58.1163568947619
-61.769238426428565
-62.46556481833334
-62.104752858333335
-61.63185337571429
-61.68337167928571
-61.847480501190475
-61.8978559404762
-61.95141192904761
-61.99334053761905
-61.90975725119048
-62.35798027380954
-62.40474491976191
-61.80117534476191
-61.36503900833333
-61.46268953714285
-60.91692960809525
-60.63148625666666
-60.16564950547619
-60.03380003428573
-59.89142508761905
-60.35427647571427
-60.91362644404761
-60.904172443095234
-60.639045716190466
-60.202591942142874
-60.88405273095238
-59.95844732095237
-57.823032651904754
-58.64204370404764
-60.79358945523809
-61.75326810595239
-62.139968780476195
-62.25928324738096
-61.56583331857143
-59.62647220095236
-58.461886541904775
-61.049401509999996
-62.35640943619048
-62.44343903
-63.29809860928572
-63.08172053380952
-62.4954615097619
-60.99395906357143
-61.29555847619046
-62.98732358
-63.283646447380946
-63.116322108095225
-61.339649018571436
-57.71848823928572
-54.25258790833333
-58.207859130476194
-62.47285497690477
-63.42945471309525
-63.66060838238092
-63.72350383976192
-63.46105357547621
-63.21848678500001
-63.224112283571436
-63.3062614252381
-63.24005435785716
-63.24774896595237
-63.11742601
-63.45726222071427
-63.47560873452382
-63.63223793309523
-64.05176680404763
-64.07157452928573
-64.0361706869048
-64.08245404619045
-64.37551235095235
-64.61039606761905
-64.66555504499999
-64.59083593452381
-64.98826671809523
-64.9671152209524
-65.13799431190478
-64.8754074454762
-64.86935897047617
-64.46216565119046
-64.65483792642857
-64.35167594119048
-64.20947093023808
-63.755267279047615
-63.547217323333335
-63.20313444571428
-63.25591823095236
-63.324534825238096
-63.19262622690475
-63.01069913595238
-62.81945037833335
-63.12892577785716
-63.15636698404764
-63.35316957761907
-63.02032298119049
-63.2303186142857
-62.66689990785711
-63.58616147738094
-63.97787321261905
-64.07559712714286
-64.18723460714288
-64.3573322297619
-64.31568908595239
-64.40198834690479
-64.60844276071428
-64.87194497309522
-64.25422804666667
-63.487824303571436
-63.85802041976188
-64.13984525833334
-64.29674175809525
-64.42170951571428
-65.10049020642857
-65.61888158880954
-65.41671316928571
-65.56905728285713
-66.31209691309523
-66.65505273
-66.99433390261906
-66.50504448333334
-65.98636100380953
-66.18402172238093
-66.78818639095239
-67.02223823166666
-67.41540690785716
-68.6889904564286
-69.4599551247619
-69.98458735095238
-70.26921463047617
-70.40873318595239
-70.64852814452378
-70.71159944047618
-70.54701178404761
-70.65651702904763
-70.60360009285716
-70.62469082785717
-70.47544660976192
-70.36363910547618
-70.46676817404762
-70.72201701547618
-70.8262483509524
-70.84905043095237
-70.94127854785714
-71.04710642547619
-71.12354169619046
-71.23066784047622
-71.14299556166664
-71.05333782404762
-70.81907708333334
-70.85882895333334
-71.18135415976191
-71.03048924023808
-70.97084354214286
-70.8090244476191
-70.3399387542857
-70.22708892738096
-70.1610149197619
-70.3563143409524
-70.4090300054762
-70.6483412233333
-70.75095040500003
-70.45584142738096
-70.45770009333334
-70.06746455571427
-69.42685445119048
-68.71209916571429
-67.97477486071428
-67.24558167166667
-66.69094766857143
-65.73454684357142
-64.04514639714286
-59.299531663809525
-57.49057669833333
-57.964504515
-58.53297451595237
-58.372694469285705
-58.25602495214285
-56.98087846738095
-56.661070414761895
-57.4423269545238
-57.58875265571427
-57.05939701642858
-55.28762835595238
-53.857979275238115
-52.59303102071427
-52.32149659999998
-52.91705531166665
-54.11185119261903
-57.89309029404761
-65.8881964002381
-71.47606568142857
-71.2570270354762
-71.36356008666667
-71.58721415309526
-71.76623880261903
-71.91613533428571
-71.75407355190478
-71.86354246595238
-71.86587360928574
-71.79452986976192
-72.04507664214283
-72.15423366071427
-71.94683946833335
-72.10919280333334
-72.2137414840476
-71.98013105761909
-72.2494646704762
-72.2525814597619
-72.26793143833333
-72.27020372642858
-72.22399902333335
-72.47700918357143
-72.30913434642856
-71.70380365214284
-69.50700015142858
-68.88813908904763
-67.99602563071429
-67.591315315
-68.43157541166666
-71.0450559345238
-72.07362056952383
-72.39097231857143
-72.42139761857143
-71.6376190190476
-68.54756328
-67.49885141285716
-69.02873865714285
-69.40958695166667
-69.25554529833332
-67.9448396590476
-67.26783952238095
-67.62468047404761
-68.20052591928572
-68.97078523166667
-71.5717944188095
-72.45413117190478
-72.30693780833333
-72.12630771428569
-68.44477644404762
-64.11246308928574
-62.62051400666666
-62.26094572880951
-62.210894085
-62.973756153333355
-66.61233375166667
-71.94450705404763
-72.23830468261906
-72.14782297119048
-72.1571190245238
-72.12541434857144
-72.20258749166666
-71.87563451095237
-72.09815197904761
-71.84143629571426
-72.11884798261902
-72.17011388238095
-72.16498565690476
-69.56187021142858
-60.25357191880952
-59.37701951904763
-69.1020956485714
-72.03891390809525
-72.36222712190475
-72.35673359428574
-72.25522994928572
-72.39136668571429
-72.1683336888095
-72.40737969499999
-72.39065751595237
-72.39652670071429
-72.35392434285716
-72.17939285999998
-72.22136561166667
-72.20084580952381
-72.35168838571433
-72.40398861119048
-72.39304805928572
-72.40138553357143
-72.51121321166669
-72.5584271754762
-72.35768381761905
-72.45199839166665
-72.66697947190475
-72.60801224428572
-72.57812590833335
-72.73797371285714
-72.52053941976192
-72.64545695071428
-72.59768513309523
-72.56859043666667
-72.67951002642857
-72.70883142404762
-72.64719063904761
-72.61285291380953
-72.65320786999999
-72.76331601857142
-72.62428556166665
-72.74529883976192
-72.65449796404762
-72.51606278142856
-72.61708977071427
-72.69098463476189
