-54.86392529833332
-58.30433827357143
-59.24585696619045
-59.02239072904763
-58.84916196547616
-58.960966291904775
-59.11524245833333
-58.975806553333335
-59.184957231904775
-59.48250788690474
-59.97657221809525
-60.203698384999996
-60.56236503261903
-60.844526654285715
-61.024862470952364
-61.46369116666666
-61.845530736666674
-61.630123865476186
-61.6113110502381
-61.32804589047619
-61.633122762380935
-61.571279979523815
-61.57479822047621
-62.27251461642858
-62.690909159047635
-62.68590872619046
-62.22403480857143
-61.7299386892857
-61.96247918285716
-62.2917159847619
-62.64474214833334
-62.41239783952381
-61.96584610738097
-61.954632350000026
-61.649531319285686
-61.53597622857143
-61.8146983552381
-62.28200285785715
-62.62360999642858
-63.27554330380952
-63.65638115214286
-63.638591493809514
-63.89959753142859
-64.09427216023812
-64.04940723357143
-63.97668030190475
-63.94704909523809
-63.72976511928573
-63.59033094142856
-63.48278817714287
-63.16132381976191
-62.75359680571429
-62.927998407142866
-63.13365618333333
-63.15082023261905
-62.91861388785715
-62.365307490714315
-61.79981022738093
-60.72552644642858
-59.37601452809523
-58.80382592404763
-56.33572923595237
-55.69025666357142
-55.4142741247619
-52.92976724523809
-52.70752089380952
-49.25565619690477
-47.54332115619049
-42.923875536666664
-30.648533185238097
-24.11125328380952
-24.408220064285718
-31.70751803309524
-42.56901259595239
-44.4526907595238
-45.709323520238094
-48.12036786880952
-47.691859653333346
-48.77152106857143
-47.03543399619048
-46.96060789095239
-48.16504950738094
-47.84100568952382
-49.18293644166666
-49.82497051761904
-50.22997883452382
-50.99938410714286
-51.46401450738096
-52.812133606904766
-53.967646099047606
-54.129888535000006
-54.455929892619054
-55.024891081666674
-55.65013213380954
-55.88692338166665
-55.72670582333334
-55.67870966666665
-55.96567707928572
-56.209078380238104
-56.62754649261905
-56.72488721166666
-56.707849230476214
-57.21739605500001
-56.942164466666675
-56.992703756428575
-57.285310926428565
-57.733144850952385
-57.870175861428564
-58.15791793047619
-58.418958028333336
-58.76188051095239
-58.57553200499998
-59.00247982523809
-59.536257607380946
-59.339327312619055
-58.91836148214286
-58.17347635500001
-58.6834699540476
-58.44901003190475
-58.31743512809525
-58.659550166904765
-58.87680326142858
-59.0013083497619
-58.86377588857144
-58.644254411190474
-58.584355672380966
-58.59789439547618
-58.23619824404761
-57.94679178523806
-57.92441013928572
-57.704034170000014
-57.309869947857145
-57.46803565214288
-57.37873322619049
-57.18380819047618
-57.17028082023809
-56.78238687071429
-56.58163361380953
-56.62564777214286
-56.7509675704762
-56.57277189
-56.44686644523809
-56.62043208166667
-56.840931210952355
-57.01649148119048
-57.216448193333335
-56.82612464571428
-56.847062610714275
-56.83931931976191
-56.69077882261904
-56.92343466619047
-56.94774100857142
-56.83839225738095
-56.837330590476206
-57.12586357452381
-57.356267112142845
-57.435759498571414
-57.43496095642858
-57.89114370809526
-57.404293514047616
-57.38457216500002
-57.579922812619046
-57.447686331666674
-57.60951904976188
-57.70336914095236
-54.45457740095239
-46.830483753809524
-38.69373348785715
-33.082671074761905
-36.45787584166666
-46.41118040523809
-57.70928600857143
-58.75888633785714
-59.33159737285715
-59.157903670714305
-59.27091126214284
-59.17677497928571
-59.31219119095238
-59.79057856952382
-59.71247118976191
-60.03571319571428
-60.270826793333356
-60.295037769047624
-60.350765591190466
-60.27674329857142
-60.52896508738095
-60.908759980714294
-60.68219066833332
-60.87063771142856
-60.920895711904755
-61.23417727166665
-61.57525634761904
-61.585847945238086
-61.90197699476192
-62.194555281904755
-61.292061670238105
-59.35879026119047
-58.32685270714286
-57.5689262202381
-58.62949616595237
-61.769205728809524
-62.63036137571426
-62.26522118666668
-61.74314399023811
-61.767692747380956
-61.8171905340476
-61.957858130714285
-61.911490213095234
-61.90371113761906
-62.019802274523805
-62.40700149547617
-62.294534865476216
-61.6245389657143
-60.999506722857134
-61.49178432309525
-60.62520372333332
-60.70194080999998
-60.54674729857144
-60.20343907690479
-60.0538201102381
-60.657097498809534
-60.95045916261903
-60.69760131880952
-59.99983496880953
-60.022275289523805
-60.207847232619066
-59.62666920214286
-58.01902153380954
-58.90350450761906
-60.664843513333345
-61.68915966523811
-61.952477500714274
-61.9888616288095
-61.34632001547619
-59.08773649309526
-57.670035770952396
-59.63005883261905
-59.830473036904756
-59.5506906054762
-59.95369629690477
-58.67116265071429
-58.93818437476191
-56.84974897452383
-56.34831401333332
-56.59809185214288
-54.28368913571429
-54.12322398595238
-45.15959912214286
-36.807341075476174
-32.27383041404763
-37.09058697976192
-46.061866125238105
-54.47464479761908
-60.913559050238106
-62.44480714357141
-59.62688246166668
-59.2842221040476
-59.89967863904762
-59.012617565714294
-60.59630384904761
-60.25557300023808
-60.62492797523809
-61.826370784047604
-61.267264501904776
-62.14107513380953
-62.417045593809526
-62.794147855238094
-63.46134567261905
-63.83441688809525
-64.31433632285716
-64.46912538452382
-64.69801584785716
-64.67695063642859
-64.76651763904762
-65.13263230095238
-65.07992063261905
-64.94794554928572
-64.83267992976191
-64.47526704595239
-64.4454404738095
-64.5212613057143
-64.11244092619047
-63.91717293214283
-63.654348191904774
-63.33490698690474
-63.34675016833334
-63.45868582976188
-63.08781841880951
-62.944191615714274
-62.81455357833333
-63.101050786190484
-63.35527974071428
-63.29233605547621
-63.143721081190485
-63.113362903095236
-62.88272984761905
-63.917132241428575
-64.06698599214288
-64.20255797214284
-63.977842875952405
-64.42593928738094
-64.3604006088095
-64.36351049547619
-64.5655162447619
-64.65661230571426
-64.16206850380954
-63.21712339452382
-63.314116341904764
-64.13635045
-64.25038710142856
-64.35396176238095
-65.04825682833335
-65.37523796428572
-65.27894210809525
-65.36985106714285
-66.09229641833333
-66.5247332252381
-67.04589244261904
-66.37860579714285
-65.92054276261904
-66.32972244952381
-66.9089582540476
-66.82700602261906
-67.36092957928572
-68.87549845285714
-69.31181208309525
-69.91560708952382
-70.31413795809524
-70.40696480119045
-70.52213051238098
-70.59598359619046
-70.61039806499998
-70.2808105840476
-70.65748632476188
-70.44516354499999
-70.32402292857144
-70.4452690847619
-70.49242528309522
-70.81315449285714
-70.77764111476189
-70.90291086857145
-71.06039374214286
-71.08423360238096
-71.28217969642859
-71.07435971214285
-71.24834060761906
-70.95854804642856
-71.1081030702381
-71.02101534833334
-70.73332577714284
-70.85323133880952
-70.98340261547618
-70.83716474190476
-70.10287112214286
-70.05381102738095
-70.21344902404762
-70.09745715952381
-70.14590181642858
-70.25616673023808
-70.41168376404761
-70.47738720214286
-70.30066190500003
-70.15006583047617
-69.63713146428569
-69.24592045380953
-68.54519035642858
-67.7448917571429
-66.8409152252381
-66.32308242499997
-64.43944849309524
-58.66222508809523
-56.39480572666668
-57.63389342190476
-58.07763145047619
-57.02358354833333
-56.47550673714287
-55.222041084523816
-55.60638990833333
-57.04491424595238
-55.54378654857144
-54.61087926190477
-53.93645286619049
-53.43029476404763
-52.41657929261906
-50.82860574238095
-50.89181781904763
-51.89342680523809
-55.84271621690476
-64.94237854357146
-71.63342702904761
-71.66020965571428
-71.58947844690476
-71.57661619619046
-71.61364073976189
-71.62200818642856
-71.6887781047619
-71.9139097302381
-71.94932083904762
-72.07659240023811
-72.07151340261905
-72.11629086404761
-72.17932637452381
-72.17126828142857
-72.10518519023809
-72.10934775166668
-72.29873330190475
-72.17528206976189
-72.3051009407143
-72.30996431619049
-72.40267326666665
-72.28790392166668
-72.365918295
-71.69976897476191
-68.57112957238094
-67.60312598095238
-66.82004365476189
-67.03997893523808
-68.1844164533333
-71.06569453642857
-71.96535873428569
-72.2642248247619
-72.40871175095238
-71.90720113119048
-69.35985583380955
-68.27192560785716
-69.76033746595238
-70.0083485554762
-69.06794956833332
-68.18046769619048
-67.85038375857141
-68.3472680592857
-68.34089061166667
-69.16404179119047
-71.52772013452379
-72.30342429
-72.37229229214286
-72.01463790214284
-68.29859215833334
-64.1697378611905
-61.84717868642855
-61.020760490714274
-61.468375886904745
-62.74929755071428
-67.16494914428571
-71.7740191507143
-72.23325856499999
-72.23454121142856
-72.14450599999998
-72.08217239285715
-72.07054901166666
-72.10504295761903
-71.98559116261904
-71.96156220142859
-72.08258020261906
-71.9455181304762
-72.11050306071431
-70.04537110095237
-61.231429963571415
-60.22516804619048
-69.45621799309527
-72.12746156952382
-72.25302196714286
-72.10843186142858
-72.19800131690475
-72.46448171666667
-72.25252205976189
-72.25516637190478
-72.35812450619046
-72.42192077619049
-72.25381142738095
-72.49605124309525
-72.24240511999999
-72.37664776761902
-72.35246985261904
-72.43180138761905
-72.39588365142856
-72.4875660854762
-72.50229826428574
-72.444193885
-72.43309802119047
-72.55438668452378
-72.45938709833334
-72.36198915738098
-72.57889011952382
-72.62582724452382
-72.52799915166666
-72.6117399307143
-72.50773493452382
-72.43265061238097
-72.68281664190476
-72.65884326738096
-72.76802934904762
-72.65237553880954
-72.78810319452381
-72.741971515
-72.54339872119047
-72.67468080023806
-72.64460463666667
-72.61176536071427
-72.71718742714283
-72.40244747380952
