-55.013397579523804
-58.24956130999999
-58.99492736095239
-58.69559269857144
-58.80966477190478
-58.94637770857145
-58.8831335704762
-59.203448522619055
-59.254507972857155
-59.623378117619026
-59.76276951761905
-60.00938379261903
-60.524087996904754
-60.87849653333333
-61.033490226428576
-61.40829903738094
-61.57385553619046
-61.84717759690476
-61.5112202059524
-61.718541644999995
-61.88338870071429
-61.800891785
-61.84229823500001
-62.71210906619048
-63.06388491666668
-62.90562384428569
-62.518091202142855
-62.249717439761895
-62.070766176428585
-62.36571366428571
-62.51398468
-62.501458940476184
-62.00785600571428
-61.661553246666664
-61.45157514309523
-61.37772696357142
-62.0189051854762
-62.493322190714274
-62.74183863714287
-63.24679383785714
-63.53966494999999
-63.84265663476189
-63.729551678809536
-64.14209947095236
-64.23692930333331
-63.94397790095238
-63.712879090238076
-63.767125992857125
-63.47893369809526
-63.47463580595239
-63.4189285995238
-62.90805507809525
-63.01783579928571
-63.23251460785716
-62.99480783404762
-63.02109127952378
-62.59646288595237
-61.787361507857156
-60.68565713738094
-59.305038633333346
-58.90230115309522
-56.21257691142858
-55.44840167833333
-55.09205291380952
-52.69077346476191
-52.022152946666665
-48.97502599428573
-47.158238910238076
-42.484405607857134
-29.98651522666667
-23.62539908904762
-23.852240153333334
-31.250270706904768
-42.687881652142856
-44.168368475714296
-45.6440436047619
-47.954159963571435
-47.370898383333326
-48.5580878490476
-47.018011092857144
-46.93169076047618
-48.162693023809524
-47.51608694166668
-48.53811545595237
-49.22971716404762
-50.06291271333333
-50.97172746190476
-51.49903188404761
-52.743498120714285
-53.934909548333344
-54.09426416714285
-54.19046247571429
-54.81156367357143
-55.45281964261905
-55.76389930333333
-55.95074353833333
-55.95377722214287
-55.77144513809524
-56.16921070619047
-56.68318021857143
-56.866960798333324
-56.62333225095239
-57.04006449357142
-56.99897738857145
-57.0286794397619
-57.520886739047626
-58.0850036259524
-57.74591927238095
-58.11159524452379
-58.25805990976188
-58.30943652499999
-58.652712594761894
-58.80969447119049
-59.27183850571429
-59.509990783333336
-58.846381142142846
-57.88622320357145
-58.48384457571429
-58.48538253380953
-58.31588527190477
-58.557236536428576
-58.82740066142858
-58.97593071333334
-58.84691347404762
-58.51861544976189
-58.53863770642855
-58.479898907619045
-58.063554582380945
-57.869364692857125
-57.85421543976192
-57.55986013857143
-57.62610935142857
-57.36659404238094
-57.07863707714284
-57.359193439047615
-56.83135822880953
-56.88460731595239
-56.536937167619044
-56.58527892023809
-56.558453151428566
-56.29702413690476
-56.51765923333333
-56.61429704928574
-56.922680536904764
-56.8043641597619
-57.11615135452379
-56.914972214523814
-56.731457755
-56.65184584119048
-56.8329708454762
-56.919086910952394
-56.84126381642857
-56.575298128095234
-56.76411637857144
-57.00564874904761
-57.27755301333334
-57.08833767095238
-57.46616009357143
-57.649429866428555
-57.54644866238094
-57.45576758619048
-57.42428143857143
-57.60061309428573
-57.59633318547619
-57.70624269690476
-55.24778411523808
-48.59152185261906
-40.96191787690476
-34.806966963095235
-37.726001920714296
-47.86284056166666
-57.67428161976192
-58.67129607380951
-58.98622567357145
-59.00817889261906
-59.174381438095246
-58.7899118152381
-58.03673698833334
-59.40382884833335
-59.926139831666646
-59.929587864047605
-60.11063139761906
-60.06409844809524
-60.04431860761905
-60.145184107380956
-60.58955437809524
-60.729080745
-60.63878086619046
-60.78538186190475
-60.80053765428571
-61.13154302285714
-61.329171135
-61.729857308809535
-62.0731066747619
-61.83402769928571
-61.22003709690479
-58.485011236904754
-58.007155554761894
-57.779026121666654
-58.40926642595237
-61.63792464761906
-62.391521271904764
-62.172590802142864
-61.79926881333332
-61.78751963642857
-61.72940644785715
-61.85343288214286
-61.82057598642857
-61.69285165642858
-62.016801925952386
-62.35378528714285
-62.17241705047619
-61.471457253809525
-61.016941888095246
-61.367591130952384
-60.38589114214286
-60.80866550238096
-60.78607359452382
-60.36956060523811
-60.03346107095238
-60.3500689552381
-61.16048158809525
-60.87898990047621
-60.23465456309523
-60.13151513976188
-60.417863119523815
-59.705733618333355
-58.67461013785713
-59.28305698595238
-60.88914989333333
-61.88445509071429
-61.95622144357144
-62.10027849119048
-61.84498814119047
-59.90375682357142
-58.63173003452381
-60.12199229214285
-59.49603253357143
-59.213049389047626
-59.523066929047616
-58.07197043999999
-58.744929995000014
-56.75868215999999
-56.05972789666667
-56.03565361404763
-53.46736081476191
-53.54799606619046
-44.42542484833333
-35.84819339595238
-31.56577051285714
-36.20896203214285
-45.21261197095238
-53.85228238809524
-60.38416145
-62.14060946833334
-58.785950161666655
-58.26733244023808
-59.45145643238098
-58.55846613952382
-60.05515180261907
-59.86346135833334
-59.90104230214286
-61.48379307690476
-60.82425117452381
-61.577757154523795
-62.488034202857136
-62.538656871190476
-63.47479593142856
-63.862704140952395
-64.15824245238095
-64.45529665261904
-64.50033669190475
-64.52705165404761
-64.95536676976191
-65.00254031571428
-65.08729062761905
-64.94631740071429
-64.78102965500001
-64.60056459309524
-64.47105171571428
-64.4747980207143
-63.97390801619047
-63.8896905807143
-63.67628715119047
-63.155468441666656
-63.23738279809525
-63.027851286428586
-62.81143824238097
-63.20712207642857
-63.1587001259524
-63.012553805238106
-63.184412184523794
-63.241042455476205
-63.137545266666656
-63.03387850761905
-62.50808488738097
-63.52376538190476
-63.93824286666666
-64.00760914
-64.20708329333334
-64.27701786571427
-64.37498210738094
-64.19207736380955
-64.57123847214285
-64.6838965645238
-64.0674393061905
-63.51651255309527
-64.00759497190475
-64.35917345666668
-64.65513647166668
-64.88627860619047
-65.07310658452381
-65.54202343214284
-65.29871795309522
-65.27498199809526
-65.9582000004762
-66.67626063
-66.93142918190476
-66.52268001
-66.41089139642858
-66.28631882523811
-66.7009277340476
-66.9112721411905
-67.32219768714288
-68.52997425595238
-69.48665055714284
-69.96032478690476
-70.35576484333335
-70.42053658595239
-70.52513449500002
-70.56134559952382
-70.55380267166666
-70.46904482142857
-70.46078854595241
-70.50945663452383
-70.30784933952378
-70.47968237738094
-70.66669028142857
-70.69020643666667
-70.80645134333334
-70.75611041880951
-70.94798006333333
-71.01947875309523
-70.98478971190475
-70.89219047928573
-71.02270961928573
-71.14289401833332
-70.96186429
-71.03507904738096
-71.01143282857143
-70.9705679754762
-71.01597231928571
-70.64607511285715
-70.03579148761904
-69.79984937380951
-69.94707289214287
-69.91936547333336
-70.17219307261904
-70.21502612904763
-70.22834977690475
-70.09891619000003
-70.08755166166665
-69.87302307857144
-69.04441143333334
-67.28686341833334
-66.00324612571428
-65.9086169285714
-66.92665009238097
-67.64095378999998
-66.19589196999999
-62.16619137428571
-60.258056458571424
-60.939419610952385
-60.755327134285714
-59.94716671595238
-59.726322356428575
-59.51851899309523
-60.188179925
-63.25370289000001
-65.91375687023807
-66.2637405392857
-65.11537824357143
-63.77054287166667
-62.81035986428571
-62.87107712809524
-63.28486724166667
-64.35750407238095
-66.83248765142858
-70.51082084285713
-71.79375203404761
-71.59216235880952
-71.4819288714286
-71.32983434761903
-71.52110998952381
-71.73186747214285
-71.75221343285713
-71.64751852166667
-71.88717687690475
-71.80568386261905
-72.03140712833333
-72.10857536738096
-71.951771145
-72.07616061214286
-71.96123740785717
-72.05031077142857
-72.1539226707143
-72.27427655142857
-72.30035055214285
-72.22738338619048
-72.24103564261902
-72.38153148809523
-72.31541388380951
-71.76092329523809
-69.8399941585714
-68.87817491761902
-67.92824100333333
-67.56464258880952
-68.0088982357143
-70.54443268547622
-71.92520468595237
-72.19280951333333
-72.44170325166667
-72.38128989023811
-70.55028624785716
-69.60422733880952
-69.80774034809522
-69.47980553738094
-68.95437458523809
-68.48637535499999
-68.33141454071426
-68.3299604135714
-68.05560938476191
-68.77727526714285
-71.27445965714288
-72.23355502190478
-72.23494139238093
-72.02464857642858
-68.52502532190475
-64.28004709880952
-61.813510531190474
-61.296202794761925
-61.38717951119049
-62.64861270357146
-67.31551724404763
-71.7340594704762
-72.25982429857143
-72.1796644307143
-72.17458434380953
-71.97877157214285
-72.01438776666666
-72.19441840809525
-71.83399018785714
-72.01517559238094
-72.31545802476191
-72.19011215928572
-71.98392032404762
-69.0481574645238
-59.39377176261905
-58.500177474999994
-68.49594116190477
-72.09988821142858
-72.20173481476192
-72.17706843785716
-72.25083432809522
-72.30832999047618
-72.14510872261907
-72.41430137309524
-72.42268335190475
-72.48158064404763
-72.30274309404763
-72.19982401547618
-72.46168627119047
-72.37169937952382
-72.27750069738097
-72.33035641619048
-72.37039493404761
-72.4803059895238
-72.33407501952381
-72.4535905752381
-72.4443762645238
-72.44451359380953
-72.4856487454762
-72.71444193500001
-72.51822208238096
-72.47732126119048
-72.45722689000002
-72.64932686904761
-72.74965177309522
-72.56742332142856
-72.55411057261907
-72.48367672904763
-72.46072787190475
-72.55583626857144
-72.50355983904763
-72.55121140285712
-72.63017218428571
-72.5988640554762
-72.59600412214284
-72.5129984902381
-72.48779133428572
-72.54791096238094
