-55.22666740452378
-58.66303834452382
-58.92557080619048
-58.96285120595238
-59.09359296142858
-59.36364646095235
-59.20823424261905
-59.308945338333345
-59.54232778976193
-59.80777486166667
-60.246687935
-60.30435335047619
-60.883965446190466
-61.23606382190476
-61.20811544166666
-61.639488946428585
-61.563285373809535
-61.626970200238105
-61.98442559071428
-61.9732444397619
-62.273619424285684
-61.99125980238095
-62.50237255928572
-63.14120746809526
-63.06801741547619
-63.01456451428571
-62.217564174047595
-61.94389461309525
-61.89794513119047
-62.4630879004762
-62.68889327214286
-62.21892438666667
-62.11278951714288
-61.72653997500002
-61.54980750333334
-61.61081450333334
-62.03142674666668
-62.40394201714285
-62.732067108095244
-63.41387185666666
-63.77786636333334
-63.828969865000005
-63.99099322690474
-64.03796168690475
-64.11195391714284
-63.91277367761902
-63.91203108285714
-63.569991611666694
-63.672285624761905
-63.321472440952384
-63.276720682857146
-63.06097966142856
-63.047571364285716
-63.202149072619044
-63.034214655476184
-62.859237307857136
-62.79783521404762
-62.518624079047605
-62.046265192619046
-61.718695413095226
-60.99624079738095
-60.154323578571436
-59.918985004047606
-60.04062543619046
-59.43410301166669
-59.05863344000001
-58.149113246666644
-57.484410059523825
-55.60885974333333
-48.84307561595237
-42.27268100928571
-42.53069723190477
-49.99787503190477
-54.57735570285714
-54.8521951945238
-55.340709413571425
-55.19146219880953
-54.78832599166666
-53.76697549357142
-52.698174249523824
-52.04296657047619
-51.472930999761914
-51.336660929523795
-51.53386624690476
-52.47613616214286
-52.94870985142858
-52.95325697023809
-52.76680955357142
-53.47270084619048
-54.38697170095239
-54.54092198333334
-54.41839672214285
-55.11324573714284
-55.58047576142857
-55.692451204047615
-55.70738846952382
-55.491503124999994
-55.59834325928572
-56.06598254690477
-56.61450622166666
-56.770140512380976
-56.80413518666668
-56.73182641952381
-56.921945662619045
-56.9753510609524
-57.229753040476204
-57.68982896357141
-57.730277651666675
-58.10967781428572
-58.222079504523805
-58.48101225357142
-58.72961589190475
-59.023304167142854
-59.381956826904755
-59.567791258095234
-58.900200525476194
-58.074929918095236
-58.51981617142858
-58.372313180952375
-58.36338379238096
-58.61077799142858
-58.730775015476205
-58.8950858345238
-58.93884813190476
-58.67971574714287
-58.41305369404764
-58.54566219857142
-58.400798706428546
-58.008780161190465
-57.74335098333332
-57.62131981642855
-57.44936861309524
-57.39460790738095
-57.11893762857142
-57.08353015357143
-57.074025653333344
-56.729624339285714
-56.225335984285735
-56.39978345214284
-56.61739149571428
-56.37897455119049
-56.481206621904775
-56.59050332976192
-56.911063785476166
-56.95222354999999
-57.27147047785714
-57.1322716302381
-56.25694928785714
-56.63947332499999
-56.84175818261904
-56.74434098785715
-56.92352967047619
-56.50351606142857
-56.7987873445238
-57.02666137309525
-57.2193001335714
-57.37685158047619
-57.28219259404762
-57.6254178
-57.31715420333334
-57.40676362142856
-57.46770159404762
-57.49771354285713
-57.474744433571445
-57.785322189761914
-56.587661198809506
-51.04230444714286
-43.79880342047618
-39.475704828333335
-43.070150193333326
-51.89181454928573
-58.26185635095238
-58.702524094047625
-59.12603360047619
-59.031188239047594
-59.00601141880954
-58.41794967642858
-57.839275451428584
-59.398997806428554
-59.722648711428576
-59.84854098714285
-59.975871403809506
-60.08799898023807
-60.238655544285706
-60.01558857857143
-60.35332625261905
-60.74891063095236
-60.65164466166667
-60.75758507095239
-61.09202385
-61.40641593976193
-61.31342388333333
-61.61272666523808
-61.96427145476192
-61.923685165238076
-61.45278876166667
-58.78184245880952
-58.07100105285715
-57.5555072054762
-58.39817346857144
-61.63027954071428
-62.3070852192857
-62.060419355238096
-61.70927638166665
-61.66717465714286
-61.76577840523809
-61.84782600333334
-61.8483424411905
-61.93189630023809
-61.9194469454762
-62.13659168428572
-62.209921428333345
-61.339989071190494
-60.863346190714296
-61.30652418619046
-61.046569733809505
-60.56149609952382
-60.30288877952382
-59.99984377904763
-59.97769564690477
-60.63760775642858
-61.110079174999996
-61.117861520476175
-60.75542004904761
-60.42563847095237
-60.35518609880952
-59.15402766642855
-57.22336187785713
-57.65326009547618
-60.217540559047606
-62.02170108619049
-62.105014892619046
-61.94954236285716
-61.61777905119048
-59.413678306190484
-58.313997178095235
-61.09399541166668
-62.539753142142864
-62.54364849285715
-63.1069008059524
-62.967748913809494
-62.85031255023811
-61.860526856904755
-62.40732974166667
-62.98667072190479
-63.35807782142855
-63.15671702809524
-61.396755581904756
-56.647283281904755
-52.879340852857155
-56.95562607928572
-62.141463233809546
-63.37444659571427
-63.482726687380946
-63.28864488238094
-62.7073114495238
-62.676935740476175
-63.06899170690475
-62.94124793904763
-62.81996699809524
-62.89632116000001
-63.08780706547617
-63.41870217119049
-63.409066245238094
-63.64246713476194
-64.1065268747619
-64.1148666197619
-63.714757192857135
-64.16333670809523
-64.48826571857143
-64.61668032666667
-64.64594632047617
-64.60955283809525
-64.85023625642857
-64.87263579714288
-65.22175616380954
-64.96474683904763
-64.61477025309524
-64.50373994738095
-64.40486244952382
-64.19204630238094
-64.01342337428572
-63.93958909142857
-63.513859339999996
-63.26561346523809
-63.080867585476184
-62.83913775833334
-62.92340423928571
-62.743003209523806
-62.88386290428572
-63.03670211142857
-63.03694597880953
-63.25052588285714
-63.13435354690476
-62.458623432142836
-61.61232930142857
-63.23720123690476
-63.841971534047616
-64.14119992952382
-64.06642468761902
-64.34459186738097
-64.09119796738095
-64.25789415333334
-64.31772595428572
-64.43729191714286
-64.11864544023807
-63.5708337509524
-63.8875339147619
-64.49709220261904
-64.80787422571429
-64.86039879214285
-65.25208700214287
-65.5726728895238
-65.59406062571426
-65.40903254904762
-66.06650325261906
-66.32966450214285
-66.87446103785716
-66.6591162902381
-66.02720115333334
-66.27867035642859
-66.78021639809525
-67.09183756571431
-67.72788438333333
-68.80100522690478
-69.48289834833334
-70.00524648071429
-70.39405768285712
-70.50395602357146
-70.53144236952382
-70.93763405928571
-70.5997962954762
-70.41234007333335
-70.7751662847619
-70.66468175285713
-70.62123380428572
-70.6015921092857
-70.78129886452383
-70.65789740333332
-70.73143241452382
-70.6833274485714
-70.92466227214284
-70.99785359690478
-70.97397014071427
-71.07480675857144
-71.07995096761904
-71.13636579976192
-70.94261242095237
-71.01433236214287
-70.98596391190475
-71.01140085809524
-70.968839555
-70.62331263214286
-68.74131847595238
-68.3680616109524
-69.46415165476189
-70.07645216499999
-70.39435541166665
-70.18177359452379
-70.0328632542857
-70.28095844785715
-70.00499216666668
-69.75105104023808
-69.21202232738096
-67.0485180447619
-65.04642640952382
-64.23499343571432
-64.42847506166669
-65.83653786095239
-65.86818349999999
-60.788893382142845
-59.14050883285714
-59.70471182285715
-59.166983740476184
-58.24977293500001
-58.506361098571446
-58.63695725857143
-60.56419009261904
-64.90159179999999
-66.30751528095239
-65.63660031142857
-65.39753677738096
-65.46945462928572
-66.20658329547616
-66.18405877904762
-65.01156561761904
-64.64222535619045
-66.27044823023807
-69.8727037335714
-71.68618501928572
-71.75197437809523
-71.46000725785714
-71.65932973261904
-71.6369874147619
-71.77719388642858
-71.72434616166667
-71.85514722619048
-71.95702543690476
-71.85747655238094
-71.99705759714286
-71.92705862904761
-72.05129060333334
-72.22658956571426
-72.10644258809525
-72.0169372561905
-72.25156329976191
-72.44384166142856
-72.35333469904762
-72.1446349733333
-72.3668917702381
-72.1947085061905
-72.03412137738096
-71.47554070571427
-70.05875160547619
-69.4148348847619
-68.12422924952381
-67.41511372166666
-68.18483534333332
-71.24579856523809
-72.02083878309524
-72.46267173357144
-72.42463502428573
-72.27259953833331
-70.98166020738094
-69.80066154095236
-70.20489029642856
-69.70535296523809
-69.28489449023809
-68.39077758880953
-68.14312144690476
-68.13909203666667
-68.57007362714286
-69.66942087785715
-71.45087251095238
-72.62026178238098
-72.34396089761903
-72.17302158928571
-69.84453274
-66.04292833238095
-64.08172407666667
-63.565170106666656
-62.541538329523824
-63.721293312857156
-67.75667408595243
-71.84496016761906
-72.27077465880951
-72.26298486619048
-72.19809214333333
-72.10143970309524
-71.97812652595238
-71.9872887016667
-72.10638118880954
-72.13763318738094
-72.19506000285716
-72.1240214390476
-72.12137876309524
-67.40304801595236
-56.821352550714295
-55.81863766666667
-66.56524113214287
-72.12891660452381
-72.07505725666667
-72.06869107214285
-72.42704736666668
-72.4228063307143
-72.28543835619047
-72.32781982357145
-72.60625821095239
-72.36820602428573
-72.43194616404762
-72.29954873928571
-72.42435600571427
-72.39407312285714
-72.51711745547624
-72.50245503023808
-72.43988218809525
-72.56691433047618
-72.44225238595239
-72.40321331880952
-72.51177942261907
-72.7010416304762
-72.47456577833336
-72.56071235928572
-72.58347938190478
-72.42818214738095
-72.84182666642857
-72.68652943214285
-72.6108087809524
-72.61736043357145
-72.6557497302381
-72.47161610952382
-72.58197857071428
-72.57182057714287
-72.65809268047617
-72.67031678690475
-72.69604383214285
-72.78560184285713
-72.61285945333334
-72.54153060928572
-72.62107049904763
-72.77543040690477
