-54.9579592204762
-58.2161651792857
-58.795752842380956
-58.87447993023809
-58.919439951190476
-58.84277044023812
-58.63023258404761
-58.879257655952394
-59.28160721904762
-59.47237123785713
-59.706954229285714
-59.82328169714286
-60.48046211928571
-60.974616368095234
-60.91109403023812
-61.526191621666655
-61.54108229119046
-61.65968658880953
-61.407700856666665
-61.81112525547618
-62.12281617642858
-61.912428356428585
-61.9745923895238
-62.55681501119048
-62.82268769380952
-62.87005170142855
-62.128086724523804
-61.84569186261904
-62.00142796857143
-62.4934423540476
-62.58174623761907
-62.43029140261903
-61.962409518809515
-61.63627660857142
-61.15153821261904
-60.996901012619055
-61.74682962285715
-62.3885597954762
-62.73308208999999
-63.26572581738095
-63.26102701809522
-63.26808075690477
-63.9798734757143
-64.10172371619046
-64.40313321000001
-63.882266634761905
-63.97429965833335
-63.693599155476186
-63.488117581428575
-63.2201517197619
-62.856783548571414
-62.82045500619047
-62.95276323976189
-63.134559177142854
-63.01880591238095
-63.088263193571436
-62.705134710476194
-62.315800258571436
-61.834121249761914
-61.38382121452381
-60.83174442095238
-60.042324066190474
-59.915474664999984
-59.92366127785714
-59.465390524047635
-59.239451180952365
-58.31943766285714
-57.66781243785712
-55.72367368428571
-49.32841591690476
-42.924348830714294
-43.08718408785714
-50.39162272523809
-54.641537256904755
-54.77281806595239
-55.135902405
-55.342572166904766
-54.55672690976191
-53.91834150095239
-52.28642045904761
-50.95693052476189
-50.52314467619048
-50.61426389809524
-51.24728820428571
-52.303260803333345
-52.858309155952384
-52.667279743095236
-52.8085839402381
-53.61184183738094
-54.173391341904754
-54.45543906761906
-54.57696324380952
-55.13941919238094
-55.57401430071429
-55.66615140904762
-55.857811337619054
-55.854583195476195
-55.79199518428571
-56.01127415595238
-56.690112885952395
-56.872888383571414
-56.79714484452381
-57.009786968571426
-57.11428097333332
-57.01830827571428
-57.42383493714287
-57.6292156940476
-57.934329533095266
-58.14984412357143
-58.28651973166667
-58.47059822095238
-58.5924610859524
-58.88642356547617
-59.31916681857143
-59.53337987238096
-58.842032115238084
-57.92006892238095
-58.619878496904754
-58.38107781142858
-58.49153237119047
-58.82789321190475
-58.97309811904763
-58.99501192
-59.06023852000002
-58.694681077142846
-58.725671859047615
-58.589006333809536
-58.07897231642857
-57.9844260447619
-57.820465724761895
-57.78181139666667
-57.51266161595237
-57.284048897380956
-57.25307092238096
-57.345828555238086
-56.92621512595237
-56.82183229404762
-56.58275113809523
-56.44508307261906
-56.45573734071428
-56.562735420952386
-56.368589764523826
-56.48891467190478
-56.778642109999986
-56.97294189857142
-57.22331828214287
-57.02726482166668
-56.58614058666667
-56.754449390000005
-56.97131620142857
-56.86340068619048
-56.628882725
-56.58579771857143
-56.65572547952382
-57.19410932690475
-57.267340523333324
-57.03348623
-57.40826297999998
-57.68556358690476
-57.43040475404762
-57.279673167619066
-57.48871839595237
-57.59068925119046
-57.53461292761906
-57.703198750238094
-55.213442030714305
-44.02874674095238
-35.13258716047618
-30.17531699238095
-34.462283043571425
-45.7715355104762
-57.266471680476215
-58.66634895666667
-59.11782400928572
-59.14189538500001
-59.23471605166666
-59.00120099404762
-58.5694318502381
-59.492141632857155
-59.92794636357142
-59.95173327119047
-60.19299352666667
-60.17672647690475
-60.06634221738097
-60.11906496666664
-60.41636839380952
-60.733437130476204
-60.70241292404764
-60.755574725952386
-61.0531955907143
-61.0229894552381
-61.27717717523811
-61.73385847190476
-61.8363273261905
-62.02433549785715
-61.21627943857142
-58.484159923809514
-58.11041259690478
-58.34298706
-58.95096624452382
-61.6299337657143
-62.497461046428576
-62.09152267023811
-61.69523502547618
-61.61886969071428
-61.63803182238094
-61.836355481904775
-61.92251723190477
-61.80711482904761
-61.832565671666664
-62.358411879285725
-62.08597755428571
-61.14336558785711
-60.65879276857144
-61.0222802847619
-60.749112538333335
-60.574537550238084
-60.63437071285713
-60.05617686738097
-60.3984134311905
-60.49683498190476
-60.7712491352381
-60.416724795238096
-59.88269079238095
-59.96325365666665
-59.53068733214285
-58.125804718571416
-56.69254230285713
-57.66785449119048
-60.09284855
-61.589898881666656
-61.875225702619055
-61.93685331761905
-61.55607250761905
-58.78125817404762
-57.06078447571428
-59.81543831595237
-62.245089576428576
-62.58615021500001
-63.06539762619046
-63.09036273071429
-61.884291240476195
-59.70599592214285
-60.820382163095246
-62.972257523809546
-63.1658303392857
-63.42096546642857
-61.804922376428564
-57.356445766666674
-53.70149521571429
-57.61838013738094
-62.24150521404762
-63.43000630071428
-63.68959944619049
-63.39937219261905
-63.27622740571428
-63.14128258095238
-63.049071993095225
-62.84706651571429
-62.65938322857143
-62.77463004785715
-62.96293131523811
-63.3290132792857
-63.24345570523809
-63.41795875880954
-63.78391120595236
-63.94408816500002
-63.92079407761904
-64.06213279071429
-64.19265283880952
-64.54128637738093
-64.58717972904762
-64.76587586238097
-65.01910345880952
-64.96153059380951
-64.91088885357142
-64.8872537159524
-64.66032209833335
-64.71178781428573
-64.69465337404762
-64.26322110547619
-64.15890829928573
-63.80387306166668
-63.35594304333334
-63.283797491190484
-63.210902895476195
-63.136862618809516
-63.077593667380945
-62.746569406190474
-63.05634834642857
-63.00300770714283
-63.34975242642857
-63.254759652857146
-63.20787765785714
-62.880960827142815
-62.61004275309524
-63.535381407619056
-63.93774277833332
-64.05895914285713
-64.1144378297619
-64.23599924357144
-64.18657448261905
-64.38331386047619
-64.65500422880953
-64.88070315452383
-64.1722422107143
-63.31160908666667
-63.79227238619046
-64.61330168547619
-64.64704822357142
-64.76328441047619
-65.36130487309524
-65.45145043857143
-65.08271744142856
-65.1250847409524
-66.18389365690474
-66.56204405357143
-66.90518933238096
-66.56136576333331
-66.22186533619048
-66.13003249380952
-66.7287882852381
-67.258452825
-67.70249993404764
-68.62184433738096
-69.47578121357141
-69.94521004809526
-70.21954817976193
-70.38966896452379
-70.67188317380952
-70.73104422404761
-70.55628077047619
-70.28142293238096
-70.41468211642857
-70.34095164738096
-70.21809805047619
-70.33762850047619
-70.84846896214283
-70.63496707690477
-70.79702849571427
-70.68458411785713
-71.03739075500003
-71.05151803142856
-70.97800790690478
-71.06509490261905
-71.03621128619045
-71.08619144976193
-70.85725057714288
-70.76538685428572
-71.03751518571428
-70.79752658690475
-71.12030537904762
-70.88225646142858
-70.12507411357142
-69.86863000047619
-70.20249248714286
-70.18901788642857
-70.02813829690474
-70.08870678809524
-70.37784085952379
-70.23739969142856
-70.18439302023808
-70.30302174904762
-69.92965008000002
-68.60662006166665
-66.71126356690476
-65.67775045190476
-65.76749828880952
-66.86375672428572
-66.78249431714286
-62.95400465071428
-60.97342146047621
-61.863759721904756
-61.34112630571429
-60.37420854142857
-59.81419417976191
-58.83451788809525
-59.332247506428565
-60.438003993571435
-60.67623419976193
-61.641906648333304
-62.17078817500001
-59.59357288904762
-57.348007111666675
-57.10141281880952
-57.17408879595239
-57.98595101523808
-61.80407832952382
-68.44769795714286
-71.67894163595237
-71.5407929192857
-71.51628258142857
-71.61170777833333
-71.6369599840476
-71.49915895000001
-71.49465579095238
-71.57040732261905
-71.7145051504762
-71.92645608738094
-72.05721137595236
-72.12508573928571
-72.13378797261905
-72.08311571428571
-72.13173221452382
-72.22935812761907
-72.29258891500001
-72.29559798523812
-72.38073076476192
-72.57310994476191
-72.57472555928571
-72.33014333809524
-72.43239393666667
-71.8116694864286
-69.72076234238095
-68.61534845190475
-67.75447300523811
-67.40542166619045
-67.88482829571429
-70.66852369738095
-71.86885143547619
-72.23905109190476
-72.59887168452379
-71.79029537357142
-69.50774728738095
-68.49992933738096
-69.13532547738096
-68.7486472361905
-68.54820850857142
-67.8365674702381
-67.69024185928572
-67.85030728333334
-67.7333842688095
-68.3740016388095
-71.32805052214287
-72.32422983119048
-72.35756774190475
-72.0884777252381
-68.42309406809525
-64.03672027571427
-62.02323059785716
-61.32962108714285
-61.25767753333333
-62.06477619357143
-66.4695398242857
-71.78658948690475
-72.27621042095237
-72.24987247976189
-72.12540363166669
-72.19205856309522
-71.95548102976191
-72.00263214095241
-72.11694989880951
-72.18178739928571
-72.27421769642858
-72.14342317142857
-72.1614843095238
-70.02007003023812
-61.22412063928571
-60.23494865809523
-69.63520958404762
-72.06009219928572
-72.40024566642856
-72.2164034154762
-72.16394024833335
-72.23706890309522
-72.33075786809525
-72.3600749054762
-72.35773013904763
-72.40357171976191
-72.41287812690476
-72.55706169523808
-72.31009946547621
-72.1762495492857
-72.66554823333334
-72.4501368211905
-72.3698118304762
-72.4368564059524
-72.4469737102381
-72.38489296285715
-72.73239535357143
-72.45996874833334
-72.38445736142856
-72.48258990357144
-72.56511197761908
-72.58421343857144
-72.43008186738095
-72.66656366952382
-72.49641273166667
-72.49618839047619
-72.62487593190477
-72.58652605285712
-72.42897378738095
-72.66556403738093
-72.47644188261906
-72.55256671023807
-72.63375364047621
-72.6990521747619
-72.70198295214284
-72.60120682547618
-72.61071141571426
-72.67509387809524
