-55.676284121750015
-58.83345441849999
-59.00141372749998
-59.35534791975001
-59.217232227500006
-59.269190215750015
-59.529025459749995
-59.725692654
-59.956861306250005
-60.00096759774999
-60.47304840049999
-60.450780963499994
-60.90899925250002
-61.00068435675
-61.27905540549998
-61.54934549349999
-61.75296411599999
-61.72550392175001
-61.762936306250026
-62.088912963749976
-62.20243091574999
-62.351336669499986
-62.672508525249995
-63.10073471074999
-63.21918258700001
-62.9604758265
-62.281525420750015
-61.897133827000005
-62.19961767199999
-62.33744049025
-62.34348373424999
-62.4154387465
-61.909294796
-61.54598083449999
-60.94301528899998
-60.71764059049998
-61.52807874725001
-62.25198488149999
-62.71301317225001
-63.23781452125003
-63.493733023999994
-63.58904457125002
-63.90869569724998
-64.21600150999998
-64.06363897375
-63.984875201750015
-63.66748085025
-63.628377247
-63.446485137
-63.31799497625
-63.15665349999999
-62.92308092074999
-63.164620590000006
-63.121693802250014
-62.93253717425
-63.141112900250015
-62.62584123549999
-62.159939670250004
-61.75808324825
-61.41630773474999
-60.73264951724999
-60.228522969
-59.69918823275001
-59.896329116749996
-59.27136039674999
-58.86674489975
-57.968542576000004
-57.293363665499996
-54.96406755375001
-47.955973911250005
-41.545188235999994
-41.794759369000005
-49.223702813
-54.30576305374999
-54.461740684499986
-54.45459251375
-54.91523017825
-54.48524341574999
-53.705713939999995
-52.105394459
-51.30499496399999
-51.117911433500005
-50.917552184499996
-51.513926887000004
-52.12574291275
-52.91731901275
-53.0907520295
-53.06240663499999
-53.58753356975001
-54.07982063275
-54.28232898675001
-54.60733470875
-55.08670597100003
-55.35387563675001
-55.65297861025
-55.4962943075
-55.602689647750005
-55.825065898999995
-56.06865615749998
-56.557426071500004
-56.69753446524999
-56.626638413500004
-56.490768336999984
-56.662824154249996
-56.61706066175001
-57.18204221674999
-57.575181961
-57.680794428750005
-57.926247501249996
-57.82382688475
-58.290684795749996
-58.315605544250005
-58.62866172800001
-59.077200699249985
-59.16943798074999
-58.969166278500005
-57.8115573885
-58.360255527250004
-58.312794209
-58.24172229825001
-58.40622596674998
-58.646806812
-58.483425236749994
-58.668668269250006
-58.43840217625002
-58.05910301175
-58.0997311595
-57.94202165650002
-57.63368577974999
-57.507014370000014
-57.46933784400001
-57.204916762749995
-57.277615451500004
-57.10652646975001
-56.88326435100002
-56.960752867999986
-56.685925388250006
-56.253866099750006
-56.32032909450002
-56.19834947649999
-56.14352931925
-56.31516637825001
-56.53413991925
-56.863141537000004
-56.66027498199999
-56.883666801250016
-56.75820417375
-56.1111454965
-56.55186004550001
-56.68257789575
-56.50092392075
-56.83124685374999
-56.2427767755
-56.39409523024999
-56.92406225199998
-56.99373054525002
-57.11141071325001
-57.021511841000006
-57.386681938250014
-57.41393575725001
-57.062341498500004
-57.309987354250005
-57.21939706799999
-57.00262842149999
-57.544747066
-56.17245140074998
-53.63737087175
-51.667382717500004
-48.52340793624999
-51.30860815125
-56.54042339375
-58.13808803575
-58.54132757149999
-58.71138792000001
-58.88344440425
-58.76503562875001
-58.447145844
-57.7314620975
-59.20306978250001
-59.4535907745
-59.73298835725001
-59.83217573200001
-59.90781593325001
-59.736044024749994
-59.92497472825001
-60.08427095425001
-60.20196599975001
-60.37088985475001
-60.63178949375
-60.805921077250005
-61.063334465000004
-61.190972328250005
-61.34053277925001
-61.607345008
-61.634662246749976
-60.720170116249996
-57.726649284749996
-56.27116355850001
-54.281853676000004
-57.141515922500005
-61.61206092900001
-62.23517532275
-61.80706577325001
-61.27452049200002
-61.47600088074999
-61.46814537099999
-61.56103277199996
-61.38174257224999
-61.52843494399999
-61.59956083349998
-62.069600201000014
-62.147641277000005
-61.08103733099999
-60.18399210074999
-60.61707887575001
-60.572959041749996
-60.43756236974999
-59.85380907
-58.885050488000005
-58.51765356075001
-59.514800643249984
-60.426930523249986
-60.55767049800001
-59.56859741249998
-58.941637038999986
-59.80930643099998
-59.079319477
-57.943756674999996
-58.54794712099999
-60.228211403000024
-61.544599151750006
-61.69064025850001
-61.99709606099998
-61.45684413950001
-59.26915130550001
-57.839901447249986
-60.64258327450001
-62.267480374499996
-62.515888976499994
-62.70576944375
-63.059013271000005
-62.78035736100001
-61.83251581175
-62.189272594749994
-62.80608491874999
-63.015799999500004
-62.855888367
-61.123458862749985
-55.57226457624999
-51.664665412750004
-56.100174045
-61.402696514749984
-63.33723688175
-63.50747022624999
-63.18649396900001
-62.75804767549998
-62.4843916895
-62.31426000625002
-62.36629753125
-61.35509338400002
-61.59927988075
-62.08316287975001
-63.05384054049998
-62.97330236424999
-63.378260422
-63.63546304675001
-63.72989873875
-63.613230418
-63.881074905000006
-64.01113786725001
-64.06700744599999
-64.06356134400001
-64.49746856674999
-64.64326047975
-64.60213432325001
-64.6762590405
-64.71233778000001
-64.34646902099999
-64.31492280925
-64.20421485950001
-64.19538431150002
-63.853481674
-63.624920559250015
-63.03789720524999
-63.073490905750006
-62.63505420700002
-62.54109611525003
-61.94570989575
-62.20845489499999
-62.362733935749986
-62.549158287000026
-62.85098724400001
-63.00612869200002
-62.96259736924999
-62.74079732950001
-62.503575325499995
-63.21486949849999
-63.40796623300004
-63.723187732999996
-63.74234895674998
-63.88438882800001
-64.023300075
-63.89396314649997
-64.25952672950002
-64.1755629535
-63.6792511935
-63.54648790325
-63.92797813424998
-64.52013168324999
-64.61100473350001
-64.70106515875001
-65.28495883949999
-65.623763656
-65.09922838250002
-64.54823112549998
-65.49940834000002
-66.24610290575
-66.6458131785
-66.5659952165
-66.01683464074999
-66.07569141325003
-66.56281013499999
-66.735377692
-67.40030784625
-68.38879776025
-69.07716407775001
-69.91193332700001
-69.76935005175
-70.25543231925
-70.51622276325
-70.49524688775001
-70.693915367
-70.40415992800001
-70.44064826975001
-70.67522621175
-70.475003433
-70.48066444424998
-70.58102531475
-70.83950157174998
-70.780004311
-70.79451045925
-70.99143199875002
-70.84840240425001
-70.83484115625001
-70.93001060424999
-71.0001153945
-70.92594413799999
-70.85729484475002
-70.82361717149999
-70.83023242975003
-70.95692920575
-70.845892333
-70.78577404
-69.59602279625001
-69.58489913874999
-70.11675510375
-70.68561363175002
-70.49939727750001
-70.21799621625001
-70.32930355024999
-70.15855083375
-69.767074013
-69.8667343135
-70.0189991005
-69.33526649499998
-68.55162944725
-68.497695351
-69.240262032
-69.57204685175
-67.6161314005
-61.04654970224999
-58.414746666
-58.237906170250014
-58.1472143175
-56.8856769555
-56.73830604549998
-56.913014029999985
-58.77796650050001
-64.23775300975001
-67.85861988075001
-68.67198486324999
-68.60713195775
-67.84193744725003
-67.665651226
-67.42739381775
-66.6957625385
-66.88855457275
-68.66761550874999
-71.11150741575001
-71.95536537175
-71.701595688
-71.57334289575002
-71.58830490099999
-71.46294536575
-71.38553409599999
-71.23868827825001
-71.5547595985
-71.62963390325001
-71.96331405650002
-72.00645923649998
-72.1587505345
-72.01613101975
-72.10930099474999
-72.11683807375002
-72.31781234699999
-72.14808712024998
-72.31474971850001
-72.39543857525
-72.28079967499998
-72.41456050924998
-72.3852910995
-72.49350071025
-71.91672649425001
-70.47305469575
-69.74587860125
-67.79625587375
-66.85118618000001
-67.7338844295
-70.99853095975001
-72.18908004774997
-72.02753486600002
-71.84266662624998
-71.72440795874999
-70.36844329875001
-69.56277866274999
-70.517058182
-70.67292308875001
-70.5503215785
-69.99393672875001
-69.10691070574998
-68.67691383374998
-68.738326835
-69.804655075
-71.7453155515
-72.416869354
-72.386893463
-72.1151185985
-70.40230159775001
-67.74882678925
-66.24591903724999
-65.612286186
-65.2991790765
-66.331254196
-69.48565177925
-72.07201938625002
-71.9814064025
-72.08828315800001
-72.15714511824999
-72.06694984574999
-72.24998588550002
-71.99067440050001
-71.92392025000001
-72.1305795675
-72.01073207925
-72.05380535124999
-72.092238235
-68.52170734425
-58.287647533500014
-57.34494047125001
-67.89507083950001
-72.01209106399997
-72.06383247400001
-72.27981338524998
-72.39682121225002
-72.22417659749998
-72.298193741
-72.33207550025
-72.13486213725
-72.37517356875
-72.47035675049996
-72.22911605900002
-72.53869876899999
-72.413189888
-72.45710315700003
-72.46796588925
-72.48803749125
-72.49207286775001
-72.45738143949998
-72.59260921525
-72.60921173150003
-72.36829109125
-72.32629451750003
-72.53987350450001
-72.55383758474999
-72.527744675
-72.33449535325
-72.76766052275
-72.6836210255
-72.51537685349999
-72.77312297950002
-72.66860675774998
-72.68974113425001
-72.64046821600002
-72.48139858249998
-72.54071025849998
-72.5357706065
-72.610891151
-72.75541477350001
-72.50975322675001
-72.763863945
-72.76136684375003
