-55.33663141047617
-58.662952513571405
-59.179151444523825
-59.09502174690477
-59.25576391690476
-59.22396351071428
-59.43829400238097
-59.4771000092857
-59.63161032523809
-60.02127856261906
-60.21258572261904
-60.157278423809515
-60.97770808952381
-61.212290446428575
-61.483381089761906
-61.62346830809522
-61.82674307976191
-61.69484683499999
-62.09615098880952
-62.08371571119047
-62.354329427619035
-62.462829135714294
-62.5971548902381
-62.79188056214285
-63.07823680714286
-62.983769825238106
-62.52421251904762
-61.94688996833334
-62.19283303809526
-62.49153291642859
-62.60357938452383
-62.561815261666666
-62.17640077523812
-61.56095123261906
-61.71639469666667
-61.474655605714304
-61.82215808666668
-62.3881149292857
-62.73119926357146
-63.32725043476192
-63.544782457142844
-63.630490166428565
-63.999360675
-64.08352088857143
-64.10897018809521
-63.84960937404762
-63.904204686190475
-63.54338364357144
-63.511703764047624
-62.99753570571428
-62.81364440999999
-63.05702273047619
-63.11551938714285
-63.01792707904762
-62.94064767047619
-62.962265195476185
-62.39825294071428
-62.022969110238094
-60.51391183738094
-59.09352238999998
-58.54401624809524
-56.055477687380936
-55.16408320833334
-54.838689894285714
-52.304911750476194
-51.93002964142856
-48.54499426333334
-46.55579975666668
-41.99850473
-29.605673472142858
-23.19815317833333
-23.461402666904764
-30.69644787142858
-42.16040193476191
-43.94210579357143
-45.13558351452379
-47.634013585238094
-47.32355762571427
-48.54277801500001
-47.08546393142857
-46.82062049119048
-47.789398375714285
-47.4068316495238
-48.82936168880951
-49.43348721071429
-50.003508159523825
-50.90240387666667
-51.17619314714284
-52.72947020738095
-53.73886308166667
-54.34310795
-54.523480369999994
-54.958196639761915
-55.41121782619048
-55.733912967857144
-55.77139809023809
-55.707165400238104
-55.76469784690475
-56.16934104214283
-56.50492731738094
-56.80270385785715
-56.771819796190485
-56.85845438642857
-56.94789777476192
-57.20669728285714
-57.37340999809525
-57.60555439880953
-57.7636372704762
-58.304543176904765
-58.35403533214286
-58.52274921952382
-58.63213684452382
-58.870559237619034
-59.26390811333332
-59.46565991404763
-58.86652737595237
-57.628440130476186
-58.576260067142854
-58.32610893214284
-58.08757336952379
-58.65636789238097
-58.72941662071427
-58.79506683357141
-58.84394909047619
-58.51197088380953
-58.38207163142858
-58.533854075714274
-57.98054804095239
-57.834566842142856
-57.729625156666664
-57.682421457380954
-57.46404211833334
-57.5237316859524
-57.332887830952394
-57.176904679285705
-56.90205973642857
-56.74991008142855
-56.20848710190475
-56.3960160754762
-56.40003195261905
-56.43743033642857
-56.42036329047619
-56.529358363809536
-56.96424066428571
-56.82814325595238
-56.968889145238094
-56.82814352880952
-56.51765850642856
-56.73828342976191
-56.929559797857145
-56.76924387595239
-56.87139601928572
-56.733875547857146
-56.78806504738093
-57.13650231095238
-57.23539452333333
-57.26825005690476
-57.55288187666667
-57.57578668119047
-57.480257035238104
-57.27499925547619
-57.51023592238097
-57.47525560309522
-57.91018822071429
-57.71437363380952
-55.77732985333335
-51.64330618690476
-47.11182830357144
-42.607723780952384
-44.91993350071429
-53.19856607357141
-58.37260409785714
-58.572303046190484
-59.06249364190475
-59.16436594976189
-59.04959478833335
-58.76453417833331
-57.808128720238095
-59.32490212523808
-59.8018862409524
-59.91325778023811
-60.212617783809506
-60.187930606904786
-59.9837647390476
-60.17201378190475
-60.47289703000001
-60.69324084714286
-60.59560285380952
-60.78502273571427
-61.173100788571446
-61.199247450714275
-61.348782675952364
-61.52991839809523
-61.77125149690476
-61.94619024357142
-61.394534520476185
-59.30414154428571
-59.02079972809524
-59.2412017647619
-59.90318180190477
-61.93282027499998
-62.19705554476193
-61.9881327495238
-61.58380544690478
-61.643137522380954
-61.83742686666666
-61.62124542928572
-61.72548775428572
-61.55092675333334
-61.861781982857146
-62.30382973833333
-62.06299591023809
-61.42590504619048
-60.75416546809523
-61.20359166404759
-60.8457097547619
-60.73397000595237
-60.45233998976191
-60.71194121928571
-60.64961133642857
-60.949681871904744
-61.27767063333334
-60.91275505785713
-60.42888359738097
-60.05996613285712
-60.609089442619066
-60.13613846142856
-58.27423268238094
-58.768074580952394
-60.595143000476185
-61.53862998595237
-61.78877449119047
-61.89626766333335
-61.489571798095234
-58.77315875452382
-56.74076098476191
-58.86135918809522
-58.90568333547617
-58.99465715333333
-59.107652483095244
-57.595982415
-57.88881728738095
-55.413253056904786
-55.22067469619047
-55.33755120809521
-53.134257453095245
-52.707547687380966
-43.15048354023811
-35.004445938333326
-30.45790567880953
-35.10366285404762
-44.278474535476185
-52.91152345476191
-60.068880898809525
-61.61067599333335
-58.076781045952394
-57.733041127142855
-58.64217285976189
-58.15313448190476
-59.75231279690477
-59.505377361190476
-59.76053583095237
-61.156888870952386
-60.280947367380946
-61.536873499047616
-62.155655179285695
-62.35123225642858
-63.01696041666667
-63.60364378
-63.933407374999994
-64.3599704552381
-64.42770521999999
-64.91233389690476
-64.90820603119049
-64.88707587833335
-64.73234903214286
-64.93063445238094
-64.6242528640476
-64.53881045738096
-64.47950853642858
-64.38949739333331
-64.08208883333333
-64.00234240452382
-63.57825533500001
-63.253329413809524
-63.16003744976193
-63.159352075
-62.85376439833334
-62.955624988809525
-62.855084917619045
-62.987209864523805
-62.96773547190477
-63.19849168690477
-63.01636250761904
-62.342170170238084
-61.34618632095236
-63.50513421976192
-63.785990306428594
-63.92381277523806
-64.04717218214284
-64.30000059904764
-64.14237222190478
-64.21032260666664
-64.72231002071427
-64.66835984785715
-64.28533526857143
-63.88874544333335
-64.1143707095238
-64.95370846714283
-65.04979742166667
-65.03554789261905
-65.59345772119048
-65.73442767976191
-65.34489232023809
-65.33099201690476
-66.0520796997619
-66.82324255119048
-66.77777789833334
-66.62728554880952
-65.93083227285715
-66.22601409214283
-66.51821826785714
-66.94382531333336
-67.3333380554762
-68.65717370309522
-69.50675546595238
-69.99295243761905
-70.19853918928573
-70.27014087500001
-70.80426225166664
-70.71815272690476
-70.70962015761904
-70.5841400509524
-70.46865935547619
-70.57164510095238
-70.54885192166667
-70.66362035857144
-70.77551487499998
-70.61847886666663
-70.6699950802381
-70.784066155
-71.01396215547618
-70.8129039945238
-70.98101643095238
-71.00843284309524
-71.0909689040476
-70.98271597047616
-70.84210822666664
-70.94440587261904
-70.93702298190476
-70.76798211928569
-70.9467375609524
-70.53741836523808
-69.25668988857143
-68.87949153380953
-69.67273457880951
-70.03368995309522
-70.4125876659524
-70.38327353333332
-70.50576600619047
-70.42586626285716
-70.27786745333333
-69.78383055119046
-68.86750902380953
-66.01555651714285
-63.60925311095237
-63.4745786752381
-63.93085089309523
-65.35380336166668
-65.41098503833334
-61.28962980023808
-59.12765275833333
-59.18337640309522
-58.492128917857166
-57.88037890357142
-58.12137031547619
-58.72323753714285
-60.24961081023808
-64.44015175928571
-66.893083845
-67.07857658761904
-67.10528655238097
-67.11570630809521
-67.10421353261903
-66.58046041238096
-65.93982215190476
-65.75322786904763
-67.34952417928572
-70.5676140552381
-71.61468832928573
-71.634737105
-71.68852179380954
-71.70499002357143
-71.69810304166668
-71.62464723095238
-71.4262807942857
-71.50945082119048
-71.93052982142855
-71.81497337666667
-72.00600760309524
-72.04286865952382
-72.11428942023811
-72.23869923190476
-72.11542383809523
-72.10896028785714
-72.47567367547619
-72.47421082976192
-72.38975216119049
-72.2509889152381
-72.43614705357143
-72.26301828999998
-72.4469490052381
-71.81754157785714
-70.19203985285715
-69.76821172785712
-68.92662938452384
-68.20654514880954
-69.17740176976193
-71.2841420864286
-72.14775376119049
-72.51157342761903
-72.48404493690475
-72.11780820571428
-70.6618901207143
-69.68695649642858
-70.08752514000001
-70.22465515214287
-69.48725328000002
-68.78016844238094
-68.46345647119047
-68.78354499547618
-69.32569576452381
-70.2257724945238
-71.90343293666668
-72.15382058309524
-72.21727225880953
-72.1700613840476
-70.18330474119048
-66.74238295785715
-64.64371281571431
-63.64788781952381
-62.83624912452382
-63.619220279523816
-67.65816752142858
-72.01330548309524
-72.26017924666664
-72.01919555690473
-72.19980948333334
-72.22759410261907
-72.1050218852381
-71.95768120190476
-72.01219177261903
-72.14069584476191
-71.9861148652381
-72.0692184090476
-72.11244801142855
-67.49906721595237
-57.04280862404763
-56.02874165452382
-66.80194582214286
-72.1243255247619
-72.18964931
-72.22704878333336
-72.34944134666664
-72.27045785809524
-72.5310302009524
-72.23666091119048
-72.4563071842857
-72.42954889904762
-72.60884602880954
-72.28254663452381
-72.26165862261907
-72.21880703976191
-72.51170530761904
-72.43042682476191
-72.65772646952382
-72.47762116904761
-72.65558951261904
-72.31700170571429
-72.5278291252381
-72.50299744404762
-72.47028986642856
-72.38870566333334
-72.69080988595238
-72.65632956309524
-72.66148830642858
-72.5509936011905
-72.7575231283333
-72.68166914476191
-72.60727655404764
-72.59850111428572
-72.69696172047621
-72.59927913142856
-72.76428513285714
-72.62065633166668
-72.67766516547618
-72.739251455
-72.64964203666668
-72.8806846259524
-72.54124559642857
-72.61559640785713
