-54.792016030000006
-58.25733852416666
-58.04047489083334
-57.99966780333333
-57.80251598333333
-58.31937472083333
-58.54702568
-58.947516758333336
-59.60344664416666
-59.52527109833333
-59.5892601
-59.87667242666669
-60.31494903583333
-60.53564103583333
-60.429222424166674
-61.08261108416667
-61.26226711166667
-61.165475528333324
-61.274571100833334
-60.950576464166666
-61.32497946499999
-61.59196630916666
-61.68148231583334
-62.753620147499994
-62.26233387083334
-62.395975112500004
-61.65625667583333
-61.08876673500001
-60.66425164583333
-61.66553338333333
-61.650359789166664
-61.54338232583333
-60.78557904416666
-59.98680210166666
-59.82112662
-59.70933914166667
-60.010674159166655
-60.93112659416668
-61.9556198125
-63.146980920833336
-63.19467163083334
-62.96773847
-63.6142101275
-63.60914961583333
-63.17919572166667
-63.80857340333333
-63.261623063333325
-62.4648787175
-62.79660129500001
-62.9979372025
-62.121737162500004
-62.58800983416666
-62.57867240833335
-62.66683069833334
-63.397775967499996
-62.099774679166664
-62.2560036975
-61.71525319583335
-61.66820208166667
-60.0151761375
-59.031850179166675
-57.84221903416667
-58.37062803916666
-58.4465204875
-58.146949132500005
-58.026199658333326
-57.56659793916666
-56.946873347499995
-56.52687517916667
-56.01185162833334
-55.54378064583333
-55.05068969750001
-54.82630348250001
-54.38313579583334
-54.441951114999995
-54.34780693166667
-54.77000681666667
-53.985119502500005
-52.59301567083333
-52.46659278833334
-50.46988646166667
-50.33246803166667
-50.54918893166667
-50.126824060833336
-50.53074550499999
-50.33212471000001
-48.52079137250001
-48.97952524916667
-51.00464185166666
-53.19163418
-52.6488577525
-53.25020345083333
-53.45459111416667
-54.07559680833334
-53.692961375833335
-54.585992814166666
-54.46848774
-54.47119235916666
-54.95985380666667
-55.45752716000001
-55.685107868333326
-55.69473075833334
-55.91913445833333
-55.73705323583332
-55.0933583575
-55.60220209833333
-56.92760340416666
-56.39994049083334
-56.293599765
-56.817728996666666
-57.00065930666667
-57.186322213333334
-56.98260307166667
-57.73194344833333
-58.15160974
-57.91713937083333
-57.24978828416667
-57.67729949833333
-57.48212655333333
-57.21452013750001
-57.966207821666664
-56.98670673416667
-58.11130110583334
-57.19272867666668
-57.38103421499999
-57.449808437499996
-57.086381913333334
-56.82819366583334
-56.55368169083334
-56.49215030583334
-56.35323747166666
-55.41223748416667
-55.32447783166666
-56.17328039833333
-55.234631857500005
-55.41668605833333
-55.3666572575
-54.683882077499995
-55.36627960166667
-55.05270163166667
-54.46847629500001
-54.25570933083335
-55.79888375583334
-55.86283842750001
-55.926602364166676
-55.63060061083333
-55.645557720833345
-55.41502475749999
-55.818903925
-55.32835260916665
-55.07563781833333
-55.176055908333325
-54.99562676833333
-55.43162759166666
-55.03843911416667
-55.728043238333335
-56.15534210083333
-55.734270095833324
-56.008511542499996
-55.870992025
-56.090411186666664
-55.69296074
-56.157479286666664
-57.090434073333334
-56.29935868583334
-51.366632144166665
-46.97065957416668
-46.888587314999995
-47.18250338083334
-48.103103
-55.20055071416667
-57.42447471583333
-57.025277136666666
-57.874221801666664
-58.163909594166675
-57.53656482583333
-57.68275578833334
-58.001578330833325
-57.978256226666666
-58.59927654416666
-57.93435986916666
-58.63726584250001
-58.3579734175
-58.48543262416667
-58.88864994
-59.285400390000014
-59.306740441666655
-59.464176495833335
-60.3465620675
-59.42488225333333
-59.94418080666667
-60.33653036750001
-60.253505706666665
-60.79860878166667
-60.49016030583332
-60.16623783083333
-58.639570873333334
-57.9508126575
-59.21877988166667
-59.92036215416667
-61.048085531666665
-60.58313242583335
-60.59835179583333
-59.88559786166667
-59.710029920000004
-59.43226591750001
-60.27570120416667
-60.33852227416666
-60.01796817833334
-60.66668287916667
-60.98334916416667
-60.259310404166676
-59.956949232499994
-59.32234223666666
-59.296181042499995
-59.43167241333333
-59.1805260975
-58.596762975
-59.06400108500001
-58.385861078333335
-57.668780644166674
-58.542850495
-59.022276242500006
-59.042585054999996
-59.03034846
-59.43758392333333
-58.75061035249998
-56.31035328083333
-57.082646687499995
-59.025527000833335
-60.641774813333335
-60.023523965833334
-59.68204053166667
-58.08157348666668
-51.55902576416667
-48.90851402333333
-54.27135435666667
-60.04933039333334
-60.37185859666667
-61.18856271083333
-61.841496150000005
-61.70103899583333
-60.66910266833333
-61.36257267
-62.285037359166665
-61.46440347083334
-61.08111922
-61.452106793333336
-61.79198614833333
-61.088287353333335
-61.8119901025
-62.29795010916666
-62.205418905833334
-62.301614443333335
-62.27304553916667
-61.57264010083333
-62.50626405083333
-62.26812140166666
-61.758289972499995
-61.80767186416668
-62.01464907333334
-61.48141542999999
-61.72843901249999
-62.470692952499995
-62.98888015666666
-62.183250745
-62.612816175
-62.24044704416667
-62.537917453333336
-62.35934670833334
-62.19969368083333
-63.439697266666656
-63.498846053333324
-63.0031445825
-62.871149380833344
-63.366832415000005
-64.0084648125
-63.62265936666666
-63.839452742499994
-63.40237967333334
-63.492960294999996
-62.893429755833345
-61.920226734166654
-61.23506291750001
-61.56061140666667
-61.25760301083332
-61.030930517499996
-61.77451102
-61.170265517499985
-60.8083499275
-60.770846049166664
-61.60463937166667
-61.150286357500015
-59.102253915
-58.923703193333345
-60.51074123250001
-61.765371005
-61.69817161583333
-62.18929227333333
-62.41669718416666
-63.256566365000005
-62.38645203833334
-62.721787769999985
-63.11427656666666
-63.58349196083333
-63.54568354333333
-62.72793293166668
-62.65893046166667
-62.86198679583333
-62.809119224166665
-63.49253686333333
-63.92270088000001
-64.27611827833333
-64.492805165
-64.05872980916668
-65.20916430166666
-65.52642631583332
-65.598143895
-65.79799016416668
-65.03071339916666
-65.36047744833333
-66.42960484750002
-65.22632853166667
-66.55361684083333
-67.29993883750001
-68.47436777833333
-69.27201461749999
-69.09663836166666
-69.36831538083334
-69.78992398583333
-70.3501275375
-70.53648630833334
-70.65125529000001
-69.94880994083333
-70.3010546375
-69.80759620583333
-70.2169946025
-70.25539589
-70.14926719666667
-70.6477654775
-70.39211209666666
-70.33357429583333
-70.93335342416667
-70.30910110416666
-70.827123005
-71.46591568166667
-71.38256327249998
-70.7860603325
-70.66575431916665
-70.294359845
-70.21300697416667
-70.38609631749999
-70.75330543666666
-70.42809804333334
-70.84017054249999
-71.13300323499999
-70.47831598833334
-70.24746259
-70.65336545499999
-70.41678110916666
-70.3208300275
-71.02112007166666
-70.72957356666667
-70.66398239083333
-70.14807828250001
-69.79927825916666
-69.61911264916667
-69.80703671833334
-69.71546936083334
-68.35899988916667
-63.18996683916666
-61.171127955833335
-61.113353728333344
-60.340100925
-59.57365989666666
-60.67291323333333
-61.483325641666674
-62.305342992499995
-64.98023605333333
-67.56246821083333
-68.99579620333334
-69.15619977333334
-68.54493204916668
-68.37448692416666
-66.75084749916667
-66.9981180825
-67.67236137333333
-69.17803636999999
-70.66208012916667
-71.00281079666667
-71.08663686083332
-71.08759625666667
-71.63443247416667
-71.56439209
-71.81318982500001
-70.88675053833333
-71.15076764416666
-71.43387858250001
-71.41435368916666
-71.95911343916667
-72.22653071083333
-71.81520779916667
-71.76597150250001
-71.84815279583334
-71.78199704500001
-72.19651095000002
-72.52954037916668
-72.09718894916666
-71.59593709333333
-72.29057757
-71.76928075166666
-72.72681935583331
-71.70023218749999
-71.11568768666665
-70.3312308
-70.26927503
-66.47855504333334
-66.14692052166667
-70.95222282499999
-71.88209215833332
-72.76568349249999
-72.24585914583334
-71.84061559083334
-69.54047393750001
-69.6946042375
-69.36020151916668
-70.12161572833334
-70.85310617916667
-70.28055826749998
-70.17933972666667
-67.92434120166666
-67.901420595
-69.09893099583333
-70.647027335
-71.64924812333332
-72.21735763500001
-71.79518572499998
-68.65163485250001
-66.50476837083333
-65.385021845
-66.07250531583333
-66.58528518666667
-66.9753952025
-69.0276050575
-71.62555567333332
-72.04787763166667
-72.0427850075
-71.96000417166665
-71.35190455083334
-72.171476365
-71.47003555083334
-72.16157468083334
-72.09483464666667
-71.95957056833335
-72.10990842083334
-72.46662775583333
-71.03834660833334
-66.52808825083333
-65.49417559333332
-71.88776524749998
-72.11450259083334
-71.58576202416667
-71.74124717583334
-71.75527572583333
-72.09563700416668
-72.58160082583333
-72.54110209333332
-72.67521603916667
-72.67674891166666
-72.40922037916667
-72.4256331125
-72.44324938416666
-72.88554064416668
-72.64034843416665
-72.64975674916666
-71.82115682000001
-72.06059900999999
-72.38293012083334
-72.31924629166666
-71.93608983333333
-72.859630585
-72.74639447666667
-72.68342208916668
-72.201115925
-72.30253092416667
-72.63215637083333
-72.78440412
-72.70997874000001
-72.50616900166666
-72.77448463333333
-72.72134717333334
-72.92775662916667
-73.0439211525
-72.59597142583334
-72.15744845083334
-72.43100102833333
-72.83123969916666
-73.257816315
-73.17601649083333
-72.54331906666665
-73.03220558166667
