-55.165122985
-57.319980622500005
-58.85929425499998
-58.6530548725
-58.65736738833334
-58.96806240083333
-58.53124999999999
-59.81665388666667
-59.374377885
-59.441858610000004
-59.64422098916666
-59.78865814333333
-60.36829312666668
-60.534718832500005
-60.84363778333334
-61.11280600166666
-61.3931201275
-61.428136190000004
-62.00503253916667
-61.60074806250001
-61.70668919833334
-61.7480796175
-60.674228032500004
-62.55009651083333
-62.352636655
-62.45921293999999
-62.29834747249999
-60.97374344
-60.683918315833346
-60.953919091666656
-61.77829011333335
-60.466240244999995
-58.90616607750001
-58.55543009499999
-58.348149935
-59.26905027999999
-59.35400199833334
-59.610493340000005
-60.564187049166684
-61.47405751750001
-61.89014657333334
-62.45038286833333
-62.57376575499999
-63.001213708333324
-62.82973003416668
-62.39873695333335
-62.63073317166667
-62.24815146166666
-62.65878073416667
-61.75900205083334
-61.70058981666667
-61.304895719166666
-61.77145004333334
-61.96901384916668
-61.54247220416667
-61.52305444166666
-61.1868038175
-60.827886900833334
-61.01264285916667
-59.80003897333333
-58.772269566666665
-57.59082603416667
-58.580616314999986
-57.94157759499999
-57.787218095000014
-57.2916243875
-56.90437793666666
-56.29328982083333
-55.819902419999984
-54.9711443575
-54.551921525000004
-54.325141269999996
-54.01470343166667
-53.863817215000005
-53.48620001583334
-52.28386020583333
-52.49658362
-52.87674713083334
-51.64156055583334
-50.925742784166665
-49.67079989083334
-49.50984986583334
-49.62946637333332
-49.5158627825
-49.78882376250001
-48.73541990833334
-46.643806775
-47.22658888416667
-49.14981301666666
-51.64972972833334
-53.008431116666664
-51.961363793333334
-51.5566600175
-52.98643620833332
-53.05662663750001
-52.85479164083332
-53.489986101666666
-52.756770135000004
-53.12117004416667
-53.79072443583333
-53.838750837499994
-53.80146058416667
-53.73783397583333
-53.59439373083333
-54.06296284999999
-54.62356758166666
-54.8557030375
-54.99582672083334
-55.0073328025
-55.48052374583333
-55.39239056833333
-55.43386395833334
-56.30423609333334
-56.512886684166666
-57.055595715
-56.16892846333332
-55.68575668333333
-56.02318445750001
-56.39253203083333
-56.26773039583333
-55.759417533333334
-55.838459968333346
-55.863759040833344
-56.66229852
-55.58576456583333
-55.55124823416667
-54.91713555666667
-55.13159020749999
-54.95726267500001
-54.84049987666668
-54.80911954333333
-54.62230968416666
-54.59918054
-54.552393914166665
-54.4857584625
-54.106450080833326
-53.66050561083333
-54.10015614833333
-53.660152753333335
-53.6346174875
-53.920489629166674
-53.22963015166666
-53.607728003333335
-53.97404003083333
-54.0331211075
-54.382294655833334
-54.8138767875
-54.096209209166666
-53.99413140500001
-54.304445903333324
-53.392725945
-54.21954186833332
-53.82029183583333
-54.321900685833334
-54.35845788333333
-54.766982715000005
-54.776840845833334
-54.672362008333344
-54.732902527499995
-54.48433844166667
-54.933353105
-54.43753751166667
-54.86417357083334
-55.04269122916667
-54.963656427500005
-52.98710632333333
-48.768175125
-47.89740880333333
-46.198719025
-49.57639980333334
-55.247889519166655
-55.83427143166667
-56.48134613
-57.030886331666665
-56.31108538416667
-56.63554636583333
-56.81972154000001
-56.445955594999994
-56.91149107666667
-56.67626317416666
-56.87708218916668
-57.5563589725
-57.385597229999995
-57.241446814166665
-57.53542645833335
-56.823142689166666
-57.80369917583334
-58.293228150000004
-58.341719626666666
-58.51367314666668
-58.80426247833335
-58.406056085833335
-58.315120379999996
-58.84508133083333
-59.405100187500004
-58.61056963583332
-57.11919721
-57.55871741000001
-58.01664765499999
-58.797574360833345
-59.633165040833326
-59.51131725333334
-59.07441361916668
-58.95224793833333
-59.11352157499999
-58.67054716749999
-59.2274939225
-58.775757154166655
-58.94733874083334
-59.250036875000006
-59.280328749166664
-59.494777360833325
-58.8634243025
-58.30884075083335
-58.83807818083334
-58.43191560166667
-57.757358232499996
-57.92996915083333
-58.368477504166684
-57.77727604
-57.406333285833334
-57.82831636999999
-56.530397415833335
-56.41222317916666
-57.33183352166666
-57.61589495333333
-57.55614503333333
-55.21413676
-56.361887614166676
-58.476982116666655
-59.11803309083333
-59.34965642333333
-59.88743877416667
-58.60510921583333
-53.495218912499986
-52.89358361583333
-55.952746391666665
-59.591389020833326
-59.73182837000001
-59.925273895833335
-60.825567562500005
-60.20142777833333
-59.62703355166666
-59.52062543333333
-60.810785612500005
-60.57489585999999
-60.96791871416667
-60.71891689333333
-60.74564043666666
-60.949482599166664
-60.33017381083332
-60.92115942583334
-61.23700046583334
-60.967816353333326
-61.15509446499999
-60.800468445
-60.708993912500006
-61.16003799500001
-60.43810272250001
-60.82681846416668
-60.78569857333334
-60.584581055833326
-60.20548438999999
-60.83862431916666
-60.66230551333334
-60.8603795375
-61.373363176666665
-61.741695087500005
-61.60997358833333
-61.33751296833333
-61.659695944166664
-61.730174700833324
-61.75795046416667
-61.816661200000006
-62.730238915
-62.48064358999999
-62.87201118583334
-62.298050880000005
-62.62251122666666
-62.42941061666665
-62.204109826666674
-61.8303553275
-61.446451505
-60.827120145833334
-60.468207042500005
-60.47173658833335
-60.4876597725
-60.28026008583333
-59.64454682666667
-60.28773403083335
-59.5883859
-59.604804356666676
-60.01049264333334
-59.932750065833325
-60.15323479916666
-60.13062000250002
-61.4355049125
-61.29650942416668
-61.49151770166667
-61.51915486666666
-61.54482015083334
-61.677786189999985
-61.553099315
-62.23691558916667
-62.67646535166666
-62.4963728575
-61.66850535166665
-61.78582509333333
-62.49708525249999
-63.0371300375
-62.480876286666664
-63.0159645075
-63.83625030416665
-63.20158735916666
-63.245807649166665
-63.08397515583334
-64.34694353666667
-64.71830749583334
-64.08592955333334
-63.462515829999994
-63.99600537749999
-64.74835713666666
-65.16768519083334
-65.70941479999999
-66.96959368416667
-68.1871604925
-68.73531913750001
-69.07356961583334
-70.41504605666667
-70.18630282083335
-70.00402704833334
-70.430582045
-70.33738263500001
-69.69853146833333
-70.21549415583334
-70.55829938333333
-70.58069674083333
-70.34681065916666
-70.08303833083333
-70.52560488333334
-70.760276795
-70.74269040416665
-71.58970260583334
-70.49894396416667
-70.66206614166667
-71.19689687083333
-70.82167498333334
-70.48972765583333
-71.1295375825
-70.56763013250001
-70.48191770083334
-70.68878364416666
-70.78799947166667
-70.31635983833333
-70.37782096666668
-70.74594624833333
-70.63140296833333
-70.12868372499999
-70.747608185
-71.12864430666666
-69.96021779416667
-70.28420702666666
-70.47929446
-70.06765937833335
-70.149302165
-69.57527033583335
-69.44088554333334
-69.39210510333334
-69.95339012083333
-67.65383275250001
-62.65641498583333
-60.58794943416667
-60.61623954749999
-60.866746265833335
-59.950974145
-60.99710464500001
-61.657056809166676
-62.47944323083332
-65.59234619083334
-67.41438420416667
-67.77328491083334
-68.08805465666666
-67.32897885583333
-67.30339368166666
-67.55476633666666
-67.62387021333333
-67.55822944500001
-69.69887669833334
-71.40683492083333
-71.31841532583333
-71.77423350166667
-71.76387341666668
-71.5550956725
-71.75012779250001
-70.83107948250002
-71.1312103275
-71.182270685
-71.55759048583333
-71.86809857583333
-71.85399182666667
-71.42383766333332
-72.19146919
-71.5834185275
-71.49457295833334
-72.389033635
-72.9072710675
-72.20952224750002
-71.63645362833334
-71.6718889875
-72.61109034166667
-72.12955474833333
-71.791475295
-72.42759895166667
-71.40322748833333
-70.89225832583332
-68.28864797
-67.26690356
-67.83218701666668
-70.62104988
-71.8184668225
-71.83838017750001
-72.81194241666667
-71.98383140583333
-70.63256835916667
-70.56796646166666
-71.22517268
-71.59367497833331
-70.62298202499998
-70.63850466500001
-69.51451746583334
-69.24321746916668
-69.41578865083335
-69.22909800416666
-71.53083292666668
-72.70583343416666
-72.38712183666667
-72.65343602583333
-70.76639938333334
-68.60447184166667
-66.62991460166667
-65.40317026833333
-63.725968359166664
-62.51110267499999
-67.05102221166668
-70.96049245083331
-71.98945426833335
-71.90267944333333
-71.7645740525
-71.799544015
-71.75897788916666
-71.76299031583333
-72.05360031
-72.21610069249999
-71.82875824
-71.01243781916668
-72.479925155
-71.4021492
-67.23613166833333
-65.87383016
-70.5694745375
-72.64844703666665
-72.02786890583333
-72.09504509083332
-72.21365102
-72.42986170416667
-71.98758252500001
-72.0239232375
-72.57497533000002
-71.72856458
-72.18907610499998
-72.23332023666667
-72.15382512416666
-73.040142695
-72.92415555416667
-71.950470605
-72.45154444416666
-72.38794199583334
-72.43421363750001
-72.26802571666666
-72.46007792166667
-72.38027445499999
-72.01241747583335
-72.8392079675
-71.99555269833333
-72.42698097083333
-72.2804679875
-71.80001258833335
-72.33202552833333
-73.26629129999999
-72.49330647833334
-72.13910420833334
-72.15887323833334
-72.56032371583333
-72.7597020475
-72.16723124166667
-72.19064140333333
-72.69892946916667
-72.73397382166667
-71.76230875583333
-72.56209246333333
-72.0688273125
